episode,total_reward,episode_length,is_success,curriculum_radius,consecutive_successes
1,-131.974226,250,0,0.10360972,0
2,-310.546604,250,0,0.10360972,0
3,-141.063229,250,0,0.10360972,0
4,-142.541455,250,0,0.10360972,0
5,-166.647229,250,0,0.10360972,0
6,-201.227518,250,0,0.10360972,0
7,-134.612272,250,0,0.10360972,0
8,-184.702796,250,0,0.10360972,0
9,24.372943,1,1,0.10360972,1
10,25.3567,7,1,0.10360972,2
11,5.0022,126,1,0.10360972,3
12,-108.132647,250,0,0.10360972,0
13,-122.688744,250,0,0.10360972,0
14,-81.510084,250,0,0.10360972,0
15,-181.760044,250,0,0.10360972,0
16,-124.42968,250,0,0.10360972,0
17,-181.424391,250,0,0.10360972,0
18,-90.556688,250,0,0.10360972,0
19,22.301091,23,1,0.10360972,1
20,-111.45281,250,0,0.10360972,0
21,-49.766661,239,1,0.10360972,1
22,-289.780433,250,0,0.10360972,0
23,-135.445725,250,0,0.10360972,0
24,-60.678268,250,0,0.10360972,0
25,-260.835574,250,0,0.10360972,0
26,-116.163124,250,0,0.10360972,0
27,24.57966,14,1,0.10360972,1
28,-93.884838,250,0,0.10360972,0
29,-127.131886,250,0,0.10360972,0
30,-216.360364,250,0,0.10360972,0
31,-180.754614,250,0,0.10360972,0
32,-190.648105,250,0,0.10360972,0
33,-166.576672,250,0,0.10360972,0
34,25.297102,1,1,0.10360972,1
35,-182.941675,250,0,0.10360972,0
36,-184.169714,250,0,0.10360972,0
37,-108.023762,250,0,0.10360972,0
38,14.782857,71,1,0.10360972,1
39,25.796468,2,1,0.10360972,2
40,24.11682,13,1,0.10360972,3
41,-176.233775,250,0,0.10360972,0
42,20.741212,49,1,0.10360972,1
43,-11.061714,202,1,0.10360972,2
44,-209.727589,250,0,0.10360972,0
45,-60.82084,250,0,0.10360972,0
46,-125.519625,250,0,0.10360972,0
47,-121.504309,250,0,0.10360972,0
48,-161.715584,250,0,0.10360972,0
49,5.191611,62,1,0.10360972,1
50,-253.146574,250,0,0.10360972,0
51,-217.989761,250,0,0.10360972,0
52,-228.133866,250,0,0.10360972,0
53,-159.302039,250,0,0.10360972,0
54,-157.669919,250,0,0.10360972,0
55,-177.034868,250,0,0.10360972,0
56,-128.237175,250,0,0.10360972,0
57,-101.311144,250,0,0.10360972,0
58,-206.61737,250,0,0.10360972,0
59,-146.218608,250,0,0.10360972,0
60,-220.835576,250,0,0.10360972,0
61,-181.03527,250,0,0.10360972,0
62,-104.260113,250,0,0.10360972,0
63,-93.392059,250,0,0.10360972,0
64,-170.004924,250,0,0.10360972,0
65,25.162809,2,1,0.10360972,1
66,26.20825,7,1,0.10360972,2
67,-117.649474,250,0,0.10360972,0
68,-123.801989,250,0,0.10360972,0
69,-172.017374,250,0,0.10360972,0
70,24.450496,20,1,0.10360972,1
71,-64.185099,250,0,0.10360972,0
72,-110.874924,250,0,0.10360972,0
73,-170.210206,250,0,0.10360972,0
74,-61.477567,250,0,0.10360972,0
75,-124.126187,250,0,0.10360972,0
76,-147.247867,250,0,0.10360972,0
77,-140.629521,250,0,0.10360972,0
78,23.860795,30,1,0.10360972,1
79,-119.354441,250,0,0.10360972,0
80,-108.085841,250,0,0.10360972,0
81,-106.551763,250,0,0.10360972,0
82,-154.263159,250,0,0.10360972,0
83,-99.324912,250,0,0.10360972,0
84,25.360921,1,1,0.10360972,1
85,-114.21249,250,0,0.10360972,0
86,-136.815703,250,0,0.10360972,0
87,-98.264762,250,0,0.10360972,0
88,-30.942917,155,1,0.10360972,1
89,-190.621754,250,0,0.10360972,0
90,-101.705623,250,0,0.10360972,0
91,-128.845381,250,0,0.10360972,0
92,-129.783487,250,0,0.10360972,0
93,-71.272804,250,0,0.10360972,0
94,25.108732,12,1,0.10360972,1
95,-91.208538,250,0,0.10360972,0
96,25.236298,7,1,0.10360972,1
97,-124.252671,250,0,0.10360972,0
98,-102.000459,250,0,0.10360972,0
99,-96.341763,250,0,0.10360972,0
100,-185.811643,250,0,0.10360972,0
101,-91.81211,250,0,0.10360972,0
102,-67.886551,250,0,0.10360972,0
103,-77.871557,250,0,0.10360972,0
104,24.988473,1,1,0.10360972,1
105,-188.948716,250,0,0.10360972,0
106,-55.024141,250,0,0.10360972,0
107,-100.803361,250,0,0.10360972,0
108,-67.177342,250,0,0.10360972,0
109,-60.460361,207,1,0.10360972,1
110,-61.835587,250,0,0.10360972,0
111,-152.791262,250,0,0.10360972,0
112,-67.996987,250,0,0.10360972,0
113,-161.581735,250,0,0.10360972,0
114,-173.403815,250,0,0.10360972,0
115,-53.011192,250,0,0.10360972,0
116,-104.770347,250,0,0.10360972,0
117,25.309081,4,1,0.10360972,1
118,-55.163707,250,0,0.10360972,0
119,-112.201012,250,0,0.10360972,0
120,-101.301284,250,0,0.10360972,0
121,-87.757608,250,0,0.10360972,0
122,17.859442,63,1,0.10360972,1
123,-69.190967,250,0,0.10360972,0
124,-55.656722,250,0,0.10360972,0
125,-73.198235,250,0,0.10360972,0
126,-58.121885,250,0,0.10360972,0
127,-95.874266,250,0,0.10360972,0
128,-63.085714,250,0,0.10360972,0
129,-104.767432,250,0,0.10360972,0
130,-89.928808,250,0,0.10360972,0
131,12.424326,82,1,0.10360972,1
132,-82.291871,250,0,0.10360972,0
133,-76.492303,250,0,0.10360972,0
134,-84.658598,250,0,0.10360972,0
135,-119.308694,250,0,0.10360972,0
136,-107.441839,250,0,0.10360972,0
137,-182.060295,250,0,0.10360972,0
138,-106.989483,250,0,0.10360972,0
139,-140.395798,250,0,0.10360972,0
140,-161.235265,250,0,0.10360972,0
141,18.937239,55,1,0.10360972,1
142,-167.575458,250,0,0.10360972,0
143,-137.229414,250,0,0.10360972,0
144,-14.661661,118,1,0.10360972,1
145,-112.430055,250,0,0.10360972,0
146,-105.432583,250,0,0.10360972,0
147,-188.013072,250,0,0.10360972,0
148,8.255818,120,1,0.10360972,1
149,-82.223776,250,0,0.10360972,0
150,-102.986719,250,0,0.10360972,0
151,-76.177114,250,0,0.10360972,0
152,-9.385323,166,1,0.10360972,1
153,-95.463631,250,0,0.10360972,0
154,-62.281009,250,0,0.10360972,0
155,-65.643122,250,0,0.10360972,0
156,-69.58733,250,0,0.10360972,0
157,20.028174,43,1,0.10360972,1
158,-175.119575,250,0,0.10360972,0
159,-95.198835,250,0,0.10360972,0
160,-83.596005,250,0,0.10360972,0
161,-72.635546,250,0,0.10360972,0
162,-84.863977,250,0,0.10360972,0
163,-82.053165,250,0,0.10360972,0
164,16.926386,75,1,0.10360972,1
165,-117.399739,250,0,0.10360972,0
166,-145.534204,250,0,0.10360972,0
167,-61.521066,250,0,0.10360972,0
168,-82.457353,250,0,0.10360972,0
169,-119.696787,250,0,0.10360972,0
170,21.069986,46,1,0.10360972,1
171,-66.121026,250,0,0.10360972,0
172,-145.757869,250,0,0.10360972,0
173,-112.281416,250,0,0.10360972,0
174,-72.692328,250,0,0.10360972,0
175,-149.662757,250,0,0.10360972,0
176,-62.043656,250,0,0.10360972,0
177,-127.030042,250,0,0.10360972,0
178,-27.15499,208,1,0.10360972,1
179,-84.927607,250,0,0.10360972,0
180,-152.299348,250,0,0.10360972,0
181,-56.213836,250,0,0.10360972,0
182,-73.233557,250,0,0.10360972,0
183,-36.388802,250,0,0.10360972,0
184,-79.194802,250,0,0.10360972,0
185,-88.001912,250,0,0.10360972,0
186,23.563029,19,1,0.10360972,1
187,-73.892334,250,0,0.10360972,0
188,-122.515775,250,0,0.10360972,0
189,23.34655,11,1,0.10360972,1
190,-44.150213,250,0,0.10360972,0
191,-11.296801,192,1,0.10360972,1
192,-56.542645,250,0,0.10360972,0
193,-108.544575,250,0,0.10360972,0
194,-122.363189,250,0,0.10360972,0
195,-8.10824,149,1,0.10360972,1
196,-70.724464,250,0,0.10360972,0
197,-117.233462,250,0,0.10360972,0
198,-68.973384,250,0,0.10360972,0
199,-124.3181,250,0,0.10360972,0
200,-71.115198,250,0,0.10360972,0
201,-92.188644,250,0,0.10360972,0
202,-173.425135,250,0,0.10360972,0
203,-47.33018,250,0,0.10360972,0
204,25.175901,1,1,0.10360972,1
205,-51.006477,250,0,0.10360972,0
206,-97.228378,250,0,0.10360972,0
207,-60.599844,250,0,0.10360972,0
208,-118.182945,250,0,0.10360972,0
209,-103.794599,250,0,0.10360972,0
210,24.918798,16,1,0.10360972,1
211,-53.930802,250,0,0.10360972,0
212,-38.129185,250,0,0.10360972,0
213,-100.98107,250,0,0.10360972,0
214,-69.574189,250,0,0.10360972,0
215,-66.236979,250,0,0.10360972,0
216,-91.005472,250,0,0.10360972,0
217,-90.139929,250,0,0.10360972,0
218,-75.593725,250,0,0.10360972,0
219,-119.19571,250,0,0.10360972,0
220,-67.938855,250,0,0.10360972,0
221,-64.43253,250,0,0.10360972,0
222,-72.899455,250,0,0.10360972,0
223,-80.501257,250,0,0.10360972,0
224,-20.875813,145,1,0.10360972,1
225,22.317591,45,1,0.10360972,2
226,14.586674,95,1,0.10360972,3
227,15.613675,51,1,0.10360972,4
228,-89.918115,250,0,0.10360972,0
229,-58.091148,250,0,0.10360972,0
230,-56.306761,250,0,0.10360972,0
231,-33.603625,250,0,0.10360972,0
232,-37.7919,250,0,0.10360972,0
233,-106.609922,250,0,0.10360972,0
234,-72.026603,250,0,0.10360972,0
235,22.101206,44,1,0.10360972,1
236,-23.455871,246,1,0.10360972,2
237,-86.860579,250,0,0.10360972,0
238,-73.267969,250,0,0.10360972,0
239,-126.777222,250,0,0.10360972,0
240,20.658481,47,1,0.10360972,1
241,-84.057334,250,0,0.10360972,0
242,24.312121,21,1,0.10360972,1
243,-66.390665,250,0,0.10360972,0
244,-4.805598,169,1,0.10360972,1
245,26.106291,8,1,0.10360972,2
246,-36.774887,250,0,0.10360972,0
247,-34.51452,250,0,0.10360972,0
248,-94.320114,250,0,0.10360972,0
249,-49.427149,250,0,0.10360972,0
250,19.04006,82,1,0.10360972,1
251,19.159577,32,1,0.10360972,2
252,-46.544902,250,0,0.10360972,0
253,-64.245183,250,0,0.10360972,0
254,-32.297825,192,1,0.10360972,1
255,-68.358307,250,0,0.10360972,0
256,-40.430713,250,0,0.10360972,0
257,-88.712043,250,0,0.10360972,0
258,26.390631,6,1,0.10360972,1
259,-4.713986,71,1,0.10360972,2
260,-82.105241,250,0,0.10360972,0
261,11.385583,112,1,0.10360972,1
262,-43.044714,250,0,0.10360972,0
263,4.866024,107,1,0.10360972,1
264,-45.169228,250,0,0.10360972,0
265,-57.664419,250,0,0.10360972,0
266,-59.814386,250,0,0.10360972,0
267,-33.293091,250,0,0.10360972,0
268,-93.91545,250,0,0.10360972,0
269,-45.387243,250,0,0.10360972,0
270,13.636305,101,1,0.10360972,1
271,2.825179,151,1,0.10360972,2
272,8.031345,109,1,0.10360972,3
273,-105.698958,250,0,0.10360972,0
274,22.009394,32,1,0.10360972,1
275,-50.303355,250,0,0.10360972,0
276,-103.745246,250,0,0.10360972,0
277,-67.765224,250,0,0.10360972,0
278,13.022292,86,1,0.10360972,1
279,-106.257707,250,0,0.10360972,0
280,19.759432,52,1,0.10360972,1
281,-8.248859,145,1,0.10360972,2
282,13.100428,82,1,0.10360972,3
283,-59.864476,250,0,0.10360972,0
284,-37.54844,250,0,0.10360972,0
285,24.147656,6,1,0.10360972,1
286,-48.228682,250,0,0.10360972,0
287,-9.932841,230,1,0.10360972,1
288,-130.25268,250,0,0.10360972,0
289,12.897769,77,1,0.10360972,1
290,-61.659114,250,0,0.10360972,0
291,-53.920189,250,0,0.10360972,0
292,-44.56337,250,0,0.10360972,0
293,11.016447,84,1,0.10360972,1
294,-8.228313,161,1,0.10360972,2
295,-120.017078,250,0,0.10360972,0
296,-84.735442,250,0,0.10360972,0
297,-110.19437,250,0,0.10360972,0
298,-44.060486,250,0,0.10360972,0
299,-51.370275,250,0,0.10360972,0
300,-100.180228,250,0,0.10360972,0
301,-52.522444,250,0,0.10360972,0
302,17.797337,18,1,0.10360972,1
303,-74.054261,250,0,0.10360972,0
304,-62.952116,250,0,0.10360972,0
305,-73.514705,250,0,0.10360972,0
306,15.874709,61,1,0.10360972,1
307,13.430237,115,1,0.10360972,2
308,25.507514,6,1,0.10360972,3
309,-39.151993,250,0,0.10360972,0
310,-56.959971,250,0,0.10360972,0
311,24.619058,1,1,0.10360972,1
312,-102.746284,250,0,0.10360972,0
313,-120.143846,250,0,0.10360972,0
314,9.76116,105,1,0.10360972,1
315,21.908641,38,1,0.10360972,2
316,-47.453912,250,0,0.10360972,0
317,16.943224,50,1,0.10360972,1
318,-74.808987,250,0,0.10360972,0
319,-56.813912,250,0,0.10360972,0
320,-43.849424,250,0,0.10360972,0
321,-67.651677,250,0,0.10360972,0
322,-69.584564,250,0,0.10360972,0
323,-6.267524,121,1,0.10360972,1
324,7.000481,118,1,0.10360972,2
325,-53.985896,250,0,0.10360972,0
326,-56.406192,250,0,0.10360972,0
327,24.954422,1,1,0.10360972,1
328,-87.985054,250,0,0.10360972,0
329,-46.072294,250,0,0.10360972,0
330,-62.879504,250,0,0.10360972,0
331,-46.925253,250,0,0.10360972,0
332,-37.965597,250,0,0.10360972,0
333,-30.490814,250,0,0.10360972,0
334,-111.831368,250,0,0.10360972,0
335,-52.850539,250,0,0.10360972,0
336,-82.145342,250,0,0.10360972,0
337,-53.664829,250,0,0.10360972,0
338,25.668295,10,1,0.10360972,1
339,-95.870814,250,0,0.10360972,0
340,7.540888,101,1,0.10360972,1
341,-72.622668,250,0,0.10360972,0
342,-46.76556,250,0,0.10360972,0
343,-87.632603,250,0,0.10360972,0
344,-34.262377,250,0,0.10360972,0
345,17.865826,60,1,0.10360972,1
346,-47.176601,250,0,0.10360972,0
347,13.528271,107,1,0.10360972,1
348,22.238308,34,1,0.10360972,2
349,-48.747828,250,0,0.10360972,0
350,-57.55045,250,0,0.10360972,0
351,18.457574,59,1,0.10360972,1
352,-122.576604,250,0,0.10360972,0
353,-85.487862,250,0,0.10360972,0
354,8.471152,43,1,0.10360972,1
355,-46.14942,250,0,0.10360972,0
356,-48.378123,250,0,0.10360972,0
357,-2.996534,178,1,0.10360972,1
358,-30.578313,250,0,0.10360972,0
359,-10.12188,145,1,0.10360972,1
360,16.071961,88,1,0.10360972,2
361,-48.673515,250,0,0.10360972,0
362,23.96332,23,1,0.10360972,1
363,6.241945,144,1,0.10360972,2
364,-49.655579,250,0,0.10360972,0
365,-66.352507,250,0,0.10360972,0
366,24.659896,20,1,0.10360972,1
367,-49.868837,250,0,0.10360972,0
368,-78.195408,250,0,0.10360972,0
369,19.445176,41,1,0.10360972,1
370,-52.99634,250,0,0.10360972,0
371,-44.461022,250,0,0.10360972,0
372,-47.533816,250,0,0.10360972,0
373,24.866315,22,1,0.10360972,1
374,11.714087,132,1,0.10360972,2
375,-69.178021,250,0,0.10360972,0
376,24.20813,15,1,0.10360972,1
377,22.225697,44,1,0.10360972,2
378,24.997874,4,1,0.10360972,3
379,-79.35505,250,0,0.10360972,0
380,-66.231699,250,0,0.10360972,0
381,-70.297315,250,0,0.10360972,0
382,25.725882,13,1,0.10360972,1
383,-43.065022,250,0,0.10360972,0
384,-53.429075,250,0,0.10360972,0
385,5.576755,175,1,0.10360972,1
386,23.352262,39,1,0.10360972,2
387,-59.714749,250,0,0.10360972,0
388,-94.310577,250,0,0.10360972,0
389,-42.209451,250,0,0.10360972,0
390,-44.02434,250,0,0.10360972,0
391,-46.148238,250,0,0.10360972,0
392,11.578138,126,1,0.10360972,1
393,23.956057,1,1,0.10360972,2
394,21.61265,51,1,0.10360972,3
395,-74.961367,250,0,0.10360972,0
396,-34.242318,250,0,0.10360972,0
397,25.010321,23,1,0.10360972,1
398,-59.616223,250,0,0.10360972,0
399,-48.732339,250,0,0.10360972,0
400,24.968551,1,1,0.10360972,1
401,-94.816883,250,0,0.10360972,0
402,-5.100404,210,1,0.10360972,1
403,-64.083916,250,0,0.10360972,0
404,-49.539963,250,0,0.10360972,0
405,-54.947739,250,0,0.10360972,0
406,-67.348368,250,0,0.10360972,0
407,-38.963433,250,0,0.10360972,0
408,12.544731,131,1,0.10360972,1
409,-143.053165,250,0,0.10360972,0
410,-40.562531,250,0,0.10360972,0
411,25.403246,4,1,0.10360972,1
412,-50.693598,250,0,0.10360972,0
413,-47.664539,250,0,0.10360972,0
414,23.424844,26,1,0.10360972,1
415,-83.405517,250,0,0.10360972,0
416,25.074741,1,1,0.10360972,1
417,25.576833,1,1,0.10360972,2
418,-47.544892,250,0,0.10360972,0
419,10.602679,94,1,0.10360972,1
420,6.598856,203,1,0.10360972,2
421,25.227284,19,1,0.10360972,3
422,21.057287,50,1,0.10360972,4
423,-71.220697,250,0,0.10360972,0
424,-68.564062,250,0,0.10360972,0
425,-79.060619,250,0,0.10360972,0
426,-7.643263,199,1,0.10360972,1
427,16.033446,57,1,0.10360972,2
428,-39.573788,250,0,0.10360972,0
429,-48.648438,250,0,0.10360972,0
430,24.30817,19,1,0.10360972,1
431,-49.421407,250,0,0.10360972,0
432,-77.110376,250,0,0.10360972,0
433,-109.849568,250,0,0.10360972,0
434,-6.995385,143,1,0.10360972,1
435,-38.452147,250,0,0.10360972,0
436,22.061865,44,1,0.10360972,1
437,-113.253157,250,0,0.10360972,0
438,-36.782654,250,0,0.10360972,0
439,25.317379,13,1,0.10360972,1
440,-24.721386,250,0,0.10360972,0
441,-94.757107,250,0,0.10360972,0
442,20.956375,45,1,0.10360972,1
443,23.619318,26,1,0.10360972,2
444,18.94805,46,1,0.10360972,3
445,-40.134112,250,0,0.10360972,0
446,-43.195092,250,0,0.10360972,0
447,-116.619207,250,0,0.10360972,0
448,-47.991726,250,0,0.10360972,0
449,-51.696087,250,0,0.10360972,0
450,-111.320326,250,0,0.10360972,0
451,-30.660538,229,1,0.10360972,1
452,-42.737816,250,0,0.10360972,0
453,-52.238842,250,0,0.10360972,0
454,-59.064731,250,0,0.10360972,0
455,-54.439088,250,0,0.10360972,0
456,22.571477,38,1,0.10360972,1
457,-3.444814,233,1,0.10360972,2
458,-17.693433,217,1,0.10360972,3
459,-70.308708,250,0,0.10360972,0
460,25.062641,12,1,0.10360972,1
461,-38.120608,250,0,0.10360972,0
462,-119.793493,250,0,0.10360972,0
463,7.004407,159,1,0.10360972,1
464,-6.237297,166,1,0.10360972,2
465,24.933255,1,1,0.10360972,3
466,24.548052,18,1,0.10360972,4
467,21.554481,43,1,0.15541458,0
468,5.771552,146,1,0.15541458,1
469,-50.693601,250,0,0.15541458,0
470,-35.816146,250,0,0.15541458,0
471,-33.136095,250,0,0.15541458,0
472,-93.351875,250,0,0.15541458,0
473,13.736718,86,1,0.15541458,1
474,-37.291433,250,0,0.15541458,0
475,-51.817169,250,0,0.15541458,0
476,6.813507,141,1,0.15541458,1
477,-66.289901,250,0,0.15541458,0
478,17.450319,20,1,0.15541458,1
479,-61.225941,250,0,0.15541458,0
480,-47.411441,250,0,0.15541458,0
481,-4.624073,190,1,0.15541458,1
482,25.284235,13,1,0.15541458,2
483,-33.922035,250,0,0.15541458,0
484,26.279521,14,1,0.15541458,1
485,0.167008,149,1,0.15541458,2
486,-37.316555,250,0,0.15541458,0
487,-42.807971,250,0,0.15541458,0
488,22.361582,39,1,0.15541458,1
489,5.421649,125,1,0.15541458,2
490,24.181801,34,1,0.15541458,3
491,-51.290449,250,0,0.15541458,0
492,-39.204191,250,0,0.15541458,0
493,26.371109,14,1,0.15541458,1
494,-50.27903,250,0,0.15541458,0
495,-48.93566,250,0,0.15541458,0
496,-60.101611,250,0,0.15541458,0
497,25.228832,7,1,0.15541458,1
498,24.119863,20,1,0.15541458,2
499,-38.363677,250,0,0.15541458,0
500,18.587418,59,1,0.15541458,1
501,23.529208,38,1,0.15541458,2
502,-38.004412,250,0,0.15541458,0
503,24.862309,8,1,0.15541458,1
504,25.42844,17,1,0.15541458,2
505,-62.412219,250,0,0.15541458,0
506,-90.243444,250,0,0.15541458,0
507,23.72038,33,1,0.15541458,1
508,-40.545599,250,0,0.15541458,0
509,-44.833429,250,0,0.15541458,0
510,-37.450014,250,0,0.15541458,0
511,-107.751493,250,0,0.15541458,0
512,16.949974,56,1,0.15541458,1
513,-61.727654,250,0,0.15541458,0
514,6.830831,179,1,0.15541458,1
515,19.439544,78,1,0.15541458,2
516,5.286803,110,1,0.15541458,3
517,-46.446635,242,1,0.15541458,4
518,-95.96896,250,0,0.15541458,0
519,-34.660356,250,0,0.15541458,0
520,11.129791,147,1,0.15541458,1
521,23.803008,26,1,0.15541458,2
522,-49.131347,250,0,0.15541458,0
523,-28.087165,250,0,0.15541458,0
524,-38.081974,250,0,0.15541458,0
525,-95.214381,250,0,0.15541458,0
526,23.208049,32,1,0.15541458,1
527,-86.869766,250,0,0.15541458,0
528,-5.68229,94,1,0.15541458,1
529,10.335868,116,1,0.15541458,2
530,-24.734727,250,0,0.15541458,0
531,-62.562679,250,0,0.15541458,0
532,-39.442785,250,0,0.15541458,0
533,25.769414,8,1,0.15541458,1
534,-166.575079,250,0,0.15541458,0
535,-3.011366,216,1,0.15541458,1
536,-50.33822,250,0,0.15541458,0
537,-3.631236,204,1,0.15541458,1
538,-114.568653,250,0,0.15541458,0
539,-74.90697,250,0,0.15541458,0
540,-53.665556,250,0,0.15541458,0
541,25.593111,3,1,0.15541458,1
542,-32.069568,250,0,0.15541458,0
543,18.515158,86,1,0.15541458,1
544,4.420438,140,1,0.15541458,2
545,-42.417101,250,0,0.15541458,0
546,20.393765,49,1,0.15541458,1
547,-82.280737,250,0,0.15541458,0
548,-38.085429,250,0,0.15541458,0
549,10.93774,80,1,0.15541458,1
550,-28.828591,250,0,0.15541458,0
551,-41.908589,250,0,0.15541458,0
552,23.890602,27,1,0.15541458,1
553,17.735922,65,1,0.15541458,2
554,-29.429057,250,0,0.15541458,0
555,24.656015,11,1,0.15541458,1
556,-33.757764,250,0,0.15541458,0
557,-31.869562,250,0,0.15541458,0
558,-30.30619,250,0,0.15541458,0
559,-35.344293,250,0,0.15541458,0
560,-34.560591,250,0,0.15541458,0
561,-32.558779,250,0,0.15541458,0
562,-97.394989,250,0,0.15541458,0
563,20.556501,52,1,0.15541458,1
564,-3.986783,137,1,0.15541458,2
565,-46.847211,250,0,0.15541458,0
566,-38.701201,250,0,0.15541458,0
567,-84.232471,250,0,0.15541458,0
568,9.893838,155,1,0.15541458,1
569,-29.074572,250,0,0.15541458,0
570,-31.440392,250,0,0.15541458,0
571,-72.890682,250,0,0.15541458,0
572,24.620419,18,1,0.15541458,1
573,-41.330965,250,0,0.15541458,0
574,-42.182669,250,0,0.15541458,0
575,-57.123919,250,0,0.15541458,0
576,-50.917718,250,0,0.15541458,0
577,10.751547,124,1,0.15541458,1
578,12.875816,119,1,0.15541458,2
579,23.935464,22,1,0.15541458,3
580,15.571991,76,1,0.15541458,4
581,-29.464445,250,0,0.15541458,0
582,-47.52015,250,0,0.15541458,0
583,18.502405,74,1,0.15541458,1
584,9.879138,117,1,0.15541458,2
585,11.689541,156,1,0.15541458,3
586,-43.871998,250,0,0.15541458,0
587,-38.387213,250,0,0.15541458,0
588,-86.776981,250,0,0.15541458,0
589,-30.806842,250,0,0.15541458,0
590,14.014612,112,1,0.15541458,1
591,-50.01736,250,0,0.15541458,0
592,5.834218,196,1,0.15541458,1
593,10.006864,87,1,0.15541458,2
594,20.281204,57,1,0.15541458,3
595,25.466395,15,1,0.15541458,4
596,-46.140726,250,0,0.15541458,0
597,13.060135,63,1,0.15541458,1
598,-26.68503,250,0,0.15541458,0
599,24.983839,12,1,0.15541458,1
600,-46.640336,250,0,0.15541458,0
601,23.09366,47,1,0.15541458,1
602,20.783636,62,1,0.15541458,2
603,11.394957,67,1,0.15541458,3
604,-27.813711,250,0,0.15541458,0
605,-34.949436,250,0,0.15541458,0
606,-56.513682,250,0,0.15541458,0
607,9.606088,117,1,0.15541458,1
608,21.389874,55,1,0.15541458,2
609,-40.882506,250,0,0.15541458,0
610,18.969031,62,1,0.15541458,1
611,5.448139,122,1,0.15541458,2
612,-48.545943,250,0,0.15541458,0
613,-36.727442,250,0,0.15541458,0
614,21.889282,40,1,0.15541458,1
615,-119.590487,250,0,0.15541458,0
616,-117.498261,250,0,0.15541458,0
617,6.651566,174,1,0.15541458,1
618,21.136868,48,1,0.15541458,2
619,-66.788953,250,0,0.15541458,0
620,-153.471905,250,0,0.15541458,0
621,25.330962,12,1,0.15541458,1
622,-43.081331,250,0,0.15541458,0
623,7.217904,160,1,0.15541458,1
624,-28.610927,250,0,0.15541458,0
625,19.565414,50,1,0.15541458,1
626,26.569127,11,1,0.15541458,2
627,18.2739,57,1,0.15541458,3
628,-56.938012,250,0,0.15541458,0
629,-32.492638,250,0,0.15541458,0
630,20.94492,44,1,0.15541458,1
631,20.617286,53,1,0.15541458,2
632,-26.78402,250,0,0.15541458,0
633,10.098601,158,1,0.15541458,1
634,-76.805847,250,0,0.15541458,0
635,-84.206045,250,0,0.15541458,0
636,-79.751754,219,1,0.15541458,1
637,21.117987,50,1,0.15541458,2
638,22.73993,49,1,0.15541458,3
639,-40.793885,250,0,0.15541458,0
640,-24.792802,250,0,0.15541458,0
641,-2.340123,202,1,0.15541458,1
642,-60.766974,250,0,0.15541458,0
643,22.146098,22,1,0.15541458,1
644,-41.237958,250,0,0.15541458,0
645,-83.992642,250,0,0.15541458,0
646,-1.262509,196,1,0.15541458,1
647,22.314558,30,1,0.15541458,2
648,20.074567,52,1,0.15541458,3
649,24.523636,22,1,0.15541458,4
650,23.136679,6,1,0.20721944,0
651,-24.970677,250,0,0.20721944,0
652,18.370949,59,1,0.20721944,1
653,14.001089,81,1,0.20721944,2
654,-35.380777,250,0,0.20721944,0
655,0.580731,98,1,0.20721944,1
656,8.12033,124,1,0.20721944,2
657,-52.444529,250,0,0.20721944,0
658,-0.190899,212,1,0.20721944,1
659,20.792696,47,1,0.20721944,2
660,-82.34656,250,0,0.20721944,0
661,-9.57886,203,1,0.20721944,1
662,21.179817,58,1,0.20721944,2
663,-33.327206,250,0,0.20721944,0
664,-23.291343,250,0,0.20721944,0
665,-45.897757,250,0,0.20721944,0
666,6.074018,132,1,0.20721944,1
667,20.973227,82,1,0.20721944,2
668,-28.233296,250,0,0.20721944,0
669,-90.252889,250,0,0.20721944,0
670,-32.437353,250,0,0.20721944,0
671,-29.174365,250,0,0.20721944,0
672,19.173164,52,1,0.20721944,1
673,-38.82562,250,0,0.20721944,0
674,25.373226,10,1,0.20721944,1
675,19.585932,40,1,0.20721944,2
676,-40.715205,250,0,0.20721944,0
677,-33.875851,250,0,0.20721944,0
678,-76.858686,250,0,0.20721944,0
679,19.395829,71,1,0.20721944,1
680,25.03062,9,1,0.20721944,2
681,-59.098977,250,0,0.20721944,0
682,-32.631242,250,0,0.20721944,0
683,-26.891475,250,0,0.20721944,0
684,-41.486408,250,0,0.20721944,0
685,-20.395499,250,0,0.20721944,0
686,24.721515,32,1,0.20721944,1
687,-30.329316,250,0,0.20721944,0
688,-41.601963,250,0,0.20721944,0
689,4.308634,76,1,0.20721944,1
690,9.929693,146,1,0.20721944,2
691,21.034446,43,1,0.20721944,3
692,-31.045188,250,0,0.20721944,0
693,20.532921,65,1,0.20721944,1
694,-30.97552,250,0,0.20721944,0
695,23.956257,21,1,0.20721944,1
696,22.260551,37,1,0.20721944,2
697,2.243997,89,1,0.20721944,3
698,-55.619736,228,1,0.20721944,4
699,15.720343,115,1,0.2590243,0
700,-32.774351,250,0,0.2590243,0
701,-24.493006,194,1,0.2590243,1
702,27.174211,11,1,0.2590243,2
703,1.212072,136,1,0.2590243,3
704,-40.405301,250,0,0.2590243,0
705,14.301388,153,1,0.2590243,1
706,25.894128,33,1,0.2590243,2
707,-25.699225,250,0,0.2590243,0
708,25.690199,23,1,0.2590243,1
709,-41.286597,250,0,0.2590243,0
710,25.172202,1,1,0.2590243,1
711,-74.955601,250,0,0.2590243,0
712,-68.330274,250,0,0.2590243,0
713,26.603195,20,1,0.2590243,1
714,-0.951072,115,1,0.2590243,2
715,13.64917,69,1,0.2590243,3
716,19.34779,85,1,0.2590243,4
717,-231.626413,250,0,0.2590243,0
718,24.936416,14,1,0.2590243,1
719,25.620333,22,1,0.2590243,2
720,-105.110101,250,0,0.2590243,0
721,22.732563,52,1,0.2590243,1
722,22.846646,14,1,0.2590243,2
723,-36.312769,250,0,0.2590243,0
724,13.099269,110,1,0.2590243,1
725,22.050167,35,1,0.2590243,2
726,19.088717,89,1,0.2590243,3
727,18.796216,88,1,0.2590243,4
728,23.435722,34,1,0.31082916,0
729,-48.686355,250,0,0.31082916,0
730,-35.042373,230,1,0.31082916,1
731,-47.759996,250,0,0.31082916,0
732,7.591635,170,1,0.31082916,1
733,-51.32211,250,0,0.31082916,0
734,-45.2051,250,0,0.31082916,0
735,14.053383,91,1,0.31082916,1
736,-28.750182,250,0,0.31082916,0
737,-54.314285,250,0,0.31082916,0
738,28.486322,21,1,0.31082916,1
739,-25.522245,250,0,0.31082916,0
740,-9.00843,209,1,0.31082916,1
741,-79.257288,250,0,0.31082916,0
742,-1.180893,172,1,0.31082916,1
743,19.168293,61,1,0.31082916,2
744,-13.221988,145,1,0.31082916,3
745,20.645369,59,1,0.31082916,4
746,26.857992,31,1,0.36263403,0
747,-85.794394,250,0,0.36263403,0
748,10.825664,46,1,0.36263403,1
749,-63.126678,250,0,0.36263403,0
750,-12.310794,128,1,0.36263403,1
751,10.267595,204,1,0.36263403,2
752,6.703548,40,1,0.36263403,3
753,-103.763018,250,0,0.36263403,0
754,-34.878598,250,0,0.36263403,0
755,-34.14827,250,0,0.36263403,0
756,-61.653185,250,0,0.36263403,0
757,15.741916,78,1,0.36263403,1
758,-49.649211,250,0,0.36263403,0
759,13.961707,114,1,0.36263403,1
760,21.035385,22,1,0.36263403,2
761,14.791622,114,1,0.36263403,3
762,6.740879,176,1,0.36263403,4
763,6.142976,201,1,0.4144389,0
764,-8.635038,189,1,0.4144389,1
765,-65.107112,250,0,0.4144389,0
766,-43.310619,250,0,0.4144389,0
767,-25.130611,144,1,0.4144389,1
768,27.908588,27,1,0.4144389,2
769,-45.71862,250,0,0.4144389,0
770,18.310732,99,1,0.4144389,1
771,8.249113,182,1,0.4144389,2
772,23.609831,42,1,0.4144389,3
773,-152.162453,250,0,0.4144389,0
774,-53.994177,250,0,0.4144389,0
775,16.048194,113,1,0.4144389,1
776,25.297431,24,1,0.4144389,2
777,-25.478996,250,0,0.4144389,0
778,-194.501204,250,0,0.4144389,0
779,-52.881446,250,0,0.4144389,0
780,19.46055,55,1,0.4144389,1
781,7.281074,124,1,0.4144389,2
782,-29.298464,250,0,0.4144389,0
783,24.286076,23,1,0.4144389,1
784,-24.07639,185,1,0.4144389,2
785,-64.027428,191,1,0.4144389,3
786,-21.742253,250,0,0.4144389,0
787,23.359627,31,1,0.4144389,1
788,24.094488,35,1,0.4144389,2
789,25.721081,39,1,0.4144389,3
790,21.689471,43,1,0.4144389,4
791,-1.38909,81,1,0.46624377,0
792,-30.257828,250,0,0.46624377,0
793,27.747841,26,1,0.46624377,1
794,-49.504517,250,0,0.46624377,0
795,-26.638738,250,0,0.46624377,0
796,13.983354,77,1,0.46624377,1
797,26.059121,49,1,0.46624377,2
798,21.749198,54,1,0.46624377,3
799,-6.078127,212,1,0.46624377,4
800,-24.474835,250,0,0.46624377,0
801,25.840125,5,1,0.46624377,1
802,-70.693815,250,0,0.46624377,0
803,-30.407783,250,0,0.46624377,0
804,-41.808229,250,0,0.46624377,0
805,17.087585,100,1,0.46624377,1
806,25.872056,41,1,0.46624377,2
807,28.412925,15,1,0.46624377,3
808,-21.037288,250,0,0.46624377,0
809,22.836266,57,1,0.46624377,1
810,27.015108,34,1,0.46624377,2
811,24.580155,59,1,0.46624377,3
812,8.492133,56,1,0.46624377,4
813,-24.450822,250,0,0.46624377,0
814,-36.302761,250,0,0.46624377,0
815,-35.796028,250,0,0.46624377,0
816,4.522905,57,1,0.46624377,1
817,4.583487,131,1,0.46624377,2
818,24.948761,20,1,0.46624377,3
819,20.409836,95,1,0.46624377,4
820,-39.716908,250,0,0.46624377,0
821,-105.774034,250,0,0.46624377,0
822,-97.851646,250,0,0.46624377,0
823,21.774112,52,1,0.46624377,1
824,19.538945,59,1,0.46624377,2
825,-27.959122,250,0,0.46624377,0
826,14.357913,49,1,0.46624377,1
827,-34.608578,250,0,0.46624377,0
828,-208.880157,250,0,0.46624377,0
829,-23.332733,250,0,0.46624377,0
830,-79.637292,250,0,0.46624377,0
831,-25.266574,181,1,0.46624377,1
832,-34.812959,250,0,0.46624377,0
833,-32.694115,250,0,0.46624377,0
834,-112.050851,250,0,0.46624377,0
835,14.728613,80,1,0.46624377,1
836,17.155218,88,1,0.46624377,2
837,-34.758041,165,1,0.46624377,3
838,6.556633,115,1,0.46624377,4
839,-26.426455,250,0,0.46624377,0
840,3.836584,175,1,0.46624377,1
841,-29.827034,250,0,0.46624377,0
842,-30.249927,250,0,0.46624377,0
843,17.477357,70,1,0.46624377,1
844,-94.210485,250,0,0.46624377,0
845,15.711114,109,1,0.46624377,1
846,26.55746,42,1,0.46624377,2
847,27.288369,9,1,0.46624377,3
848,27.448321,10,1,0.46624377,4
849,11.704254,152,1,0.5180486,0
850,-58.249206,250,0,0.5180486,0
851,22.099611,90,1,0.5180486,1
852,24.088349,37,1,0.5180486,2
853,-43.904573,250,0,0.5180486,0
854,24.676175,29,1,0.5180486,1
855,-28.649569,213,1,0.5180486,2
856,25.892115,32,1,0.5180486,3
857,19.350771,54,1,0.5180486,4
858,-46.814109,250,0,0.5180486,0
859,15.317376,114,1,0.5180486,1
860,-21.012681,250,0,0.5180486,0
861,-114.493,250,0,0.5180486,0
862,-22.964024,250,0,0.5180486,0
863,-52.350192,250,0,0.5180486,0
864,-20.890798,201,1,0.5180486,1
865,-22.717045,250,0,0.5180486,0
866,-12.572136,144,1,0.5180486,1
867,-31.190019,250,0,0.5180486,0
868,-21.014696,250,0,0.5180486,0
869,21.689217,64,1,0.5180486,1
870,23.10623,59,1,0.5180486,2
871,-41.397073,250,0,0.5180486,0
872,-34.393713,250,0,0.5180486,0
873,-26.021091,250,0,0.5180486,0
874,-16.725125,161,1,0.5180486,1
875,-71.304328,250,0,0.5180486,0
876,-19.921653,250,0,0.5180486,0
877,-28.579168,250,0,0.5180486,0
878,23.37929,36,1,0.5180486,1
879,-18.279266,250,0,0.5180486,0
880,-54.544081,250,0,0.5180486,0
881,9.963738,112,1,0.5180486,1
882,9.35933,137,1,0.5180486,2
883,-129.924697,250,0,0.5180486,0
884,24.582257,58,1,0.5180486,1
885,-29.248331,250,0,0.5180486,0
886,-4.684341,86,1,0.5180486,1
887,25.923207,52,1,0.5180486,2
888,-93.15515,250,0,0.5180486,0
889,-46.959322,250,0,0.5180486,0
890,-22.524745,146,1,0.5180486,1
891,-26.905877,134,1,0.5180486,2
892,0.766325,154,1,0.5180486,3
893,-55.659627,110,1,0.5180486,4
894,14.794226,97,1,0.5180486,0
895,-190.924146,250,0,0.5180486,0
896,-34.582172,250,0,0.5180486,0
897,23.900307,44,1,0.5180486,1
898,13.851564,91,1,0.5180486,2
899,-30.468961,250,0,0.5180486,0
900,16.946503,20,1,0.5180486,1
901,27.41386,10,1,0.5180486,2
902,-25.740411,250,0,0.5180486,0
903,-44.800088,250,0,0.5180486,0
904,-18.635519,250,0,0.5180486,0
905,-36.208639,250,0,0.5180486,0
906,7.587859,110,1,0.5180486,1
907,17.009558,98,1,0.5180486,2
908,-32.209118,250,0,0.5180486,0
909,22.910155,80,1,0.5180486,1
910,28.220426,22,1,0.5180486,2
911,-28.834954,250,0,0.5180486,0
912,-24.159374,250,0,0.5180486,0
913,-20.884749,250,0,0.5180486,0
914,-25.300039,250,0,0.5180486,0
915,-35.727524,250,0,0.5180486,0
916,-28.729145,250,0,0.5180486,0
917,5.280429,101,1,0.5180486,1
918,25.976109,30,1,0.5180486,2
919,-49.023397,250,0,0.5180486,0
920,21.537821,90,1,0.5180486,1
921,29.25391,30,1,0.5180486,2
922,-22.749376,250,0,0.5180486,0
923,25.885462,23,1,0.5180486,1
924,29.595398,19,1,0.5180486,2
925,-19.753524,250,0,0.5180486,0
926,-214.25145,250,0,0.5180486,0
927,14.151141,127,1,0.5180486,1
928,-43.370352,250,0,0.5180486,0
929,28.099975,24,1,0.5180486,1
930,17.623538,38,1,0.5180486,2
931,25.490899,24,1,0.5180486,3
932,-28.368915,250,0,0.5180486,0
933,24.855637,41,1,0.5180486,1
934,16.959511,59,1,0.5180486,2
935,-27.74553,250,0,0.5180486,0
936,25.826322,12,1,0.5180486,1
937,26.826441,33,1,0.5180486,2
938,29.022073,25,1,0.5180486,3
939,14.064634,48,1,0.5180486,4
940,25.482756,4,1,0.5180486,0
941,26.202248,21,1,0.5180486,1
942,-42.586704,250,0,0.5180486,0
943,-116.878484,250,0,0.5180486,0
944,24.133753,44,1,0.5180486,1
945,-22.542919,250,0,0.5180486,0
946,24.310126,16,1,0.5180486,1
947,14.699551,141,1,0.5180486,2
948,-20.134705,250,0,0.5180486,0
949,-59.689389,250,0,0.5180486,0
950,25.031098,38,1,0.5180486,1
951,-41.848654,250,0,0.5180486,0
952,25.652733,19,1,0.5180486,1
953,25.388633,34,1,0.5180486,2
954,-83.960201,250,0,0.5180486,0
955,15.572706,52,1,0.5180486,1
956,-9.271876,174,1,0.5180486,2
957,-159.929926,250,0,0.5180486,0
958,11.799269,146,1,0.5180486,1
959,-35.264066,250,0,0.5180486,0
960,-20.871472,250,0,0.5180486,0
961,-4.148699,128,1,0.5180486,1
962,24.607262,22,1,0.5180486,2
963,19.396623,83,1,0.5180486,3
964,14.145354,40,1,0.5180486,4
965,-41.617775,250,0,0.5180486,0
966,26.055109,27,1,0.5180486,1
967,-102.941982,250,0,0.5180486,0
968,23.769938,70,1,0.5180486,1
969,-109.72744,250,0,0.5180486,0
970,-44.567036,250,0,0.5180486,0
971,15.081929,85,1,0.5180486,1
972,19.162981,77,1,0.5180486,2
973,-22.761966,250,0,0.5180486,0
974,-130.829279,250,0,0.5180486,0
975,11.734134,64,1,0.5180486,1
976,-37.176894,250,0,0.5180486,0
977,-118.070841,213,1,0.5180486,1
978,-24.825625,250,0,0.5180486,0
979,20.761496,133,1,0.5180486,1
980,-19.375659,91,1,0.5180486,2
981,-48.930125,238,1,0.5180486,3
982,29.469994,27,1,0.5180486,4
983,-16.628943,250,0,0.5180486,0
984,-40.968977,250,0,0.5180486,0
985,-45.819696,250,0,0.5180486,0
986,14.983933,53,1,0.5180486,1
987,-18.142957,250,0,0.5180486,0
988,-25.335988,250,0,0.5180486,0
989,28.531771,19,1,0.5180486,1
990,-55.031301,250,0,0.5180486,0
991,-37.312178,250,0,0.5180486,0
992,25.781984,25,1,0.5180486,1
993,3.987899,59,1,0.5180486,2
994,-28.595445,250,0,0.5180486,0
995,14.474224,66,1,0.5180486,1
996,-3.446226,168,1,0.5180486,2
997,-90.390121,250,0,0.5180486,0
998,-42.614642,250,0,0.5180486,0
999,20.205998,45,1,0.5180486,1
1000,22.894389,42,1,0.5180486,2
1001,-44.734688,250,0,0.5180486,0
1002,-23.52744,250,0,0.5180486,0
1003,-47.823212,250,0,0.5180486,0
1004,27.660964,48,1,0.5180486,1
1005,11.643065,130,1,0.5180486,2
1006,-21.765485,250,0,0.5180486,0
1007,-21.966346,250,0,0.5180486,0
1008,15.166342,107,1,0.5180486,1
1009,-18.640603,250,0,0.5180486,0
1010,-6.816692,133,1,0.5180486,1
1011,-22.724995,250,0,0.5180486,0
1012,26.630201,42,1,0.5180486,1
1013,23.72985,76,1,0.5180486,2
1014,-41.927802,250,0,0.5180486,0
1015,-27.632412,250,0,0.5180486,0
1016,-20.10602,126,1,0.5180486,1
1017,26.803596,32,1,0.5180486,2
1018,25.080332,52,1,0.5180486,3
1019,25.791765,67,1,0.5180486,4
1020,-21.890982,250,0,0.5180486,0
1021,-21.113922,250,0,0.5180486,0
1022,-19.099112,250,0,0.5180486,0
1023,-33.878656,115,1,0.5180486,1
1024,-28.668417,250,0,0.5180486,0
1025,-44.366731,250,0,0.5180486,0
1026,13.384517,151,1,0.5180486,1
1027,28.956661,28,1,0.5180486,2
1028,-2.039101,194,1,0.5180486,3
1029,-103.103859,250,0,0.5180486,0
1030,-20.038623,250,0,0.5180486,0
1031,22.63879,73,1,0.5180486,1
1032,21.336511,78,1,0.5180486,2
1033,-110.526334,250,0,0.5180486,0
1034,2.074023,138,1,0.5180486,1
1035,28.651965,15,1,0.5180486,2
1036,24.807708,12,1,0.5180486,3
1037,-40.286754,250,0,0.5180486,0
1038,-21.689486,250,0,0.5180486,0
1039,-26.1803,250,0,0.5180486,0
1040,-24.74879,250,0,0.5180486,0
1041,27.369339,30,1,0.5180486,1
1042,-37.646805,250,0,0.5180486,0
1043,-30.158781,250,0,0.5180486,0
1044,-16.859974,250,0,0.5180486,0
1045,25.86537,22,1,0.5180486,1
1046,8.365002,171,1,0.5180486,2
1047,-13.012526,250,0,0.5180486,0
1048,24.199721,21,1,0.5180486,1
1049,-35.316318,250,0,0.5180486,0
1050,-19.169084,250,0,0.5180486,0
1051,15.473594,120,1,0.5180486,1
1052,-52.474436,250,0,0.5180486,0
1053,-43.703704,250,0,0.5180486,0
1054,15.208485,66,1,0.5180486,1
1055,25.843942,28,1,0.5180486,2
1056,8.328518,241,1,0.5180486,3
1057,-27.714783,250,0,0.5180486,0
1058,-36.808307,250,0,0.5180486,0
1059,25.958593,44,1,0.5180486,1
1060,-108.023805,250,0,0.5180486,0
1061,24.604295,56,1,0.5180486,1
1062,-89.868982,250,0,0.5180486,0
1063,-73.322798,250,0,0.5180486,0
1064,29.147717,29,1,0.5180486,1
1065,-27.453557,250,0,0.5180486,0
1066,-129.221144,250,0,0.5180486,0
1067,20.786963,54,1,0.5180486,1
1068,8.701969,225,1,0.5180486,2
1069,28.779426,27,1,0.5180486,3
1070,-29.141052,202,1,0.5180486,4
1071,-104.411899,250,0,0.5180486,0
1072,-23.141516,250,0,0.5180486,0
1073,19.760473,80,1,0.5180486,1
1074,4.421103,80,1,0.5180486,2
1075,14.808126,31,1,0.5180486,3
1076,-205.451747,250,0,0.5180486,0
1077,-38.637352,250,0,0.5180486,0
1078,14.542001,103,1,0.5180486,1
1079,-58.232688,250,0,0.5180486,0
1080,-33.031668,250,0,0.5180486,0
1081,28.865387,21,1,0.5180486,1
1082,12.496515,150,1,0.5180486,2
1083,-21.646879,250,0,0.5180486,0
1084,-185.729443,250,0,0.5180486,0
1085,1.144794,79,1,0.5180486,1
1086,-20.192356,250,0,0.5180486,0
1087,21.059428,95,1,0.5180486,1
1088,18.487544,107,1,0.5180486,2
1089,-49.137513,250,0,0.5180486,0
1090,5.918448,79,1,0.5180486,1
1091,13.180103,120,1,0.5180486,2
1092,29.145598,23,1,0.5180486,3
1093,27.710174,25,1,0.5180486,4
1094,-37.62542,250,0,0.5180486,0
1095,27.70992,21,1,0.5180486,1
1096,-22.16618,250,0,0.5180486,0
1097,-82.766281,250,0,0.5180486,0
1098,17.514136,50,1,0.5180486,1
1099,-57.758613,250,0,0.5180486,0
1100,28.748912,12,1,0.5180486,1
1101,-179.395072,250,0,0.5180486,0
1102,28.781152,10,1,0.5180486,1
1103,-33.080062,168,1,0.5180486,2
1104,25.91615,24,1,0.5180486,3
1105,26.093836,33,1,0.5180486,4
1106,13.853217,185,1,0.5180486,0
1107,5.612154,72,1,0.5180486,1
1108,21.987886,67,1,0.5180486,2
1109,-63.721515,121,1,0.5180486,3
1110,-33.767001,250,0,0.5180486,0
1111,13.381911,167,1,0.5180486,1
1112,-10.904307,63,1,0.5180486,2
1113,-22.584,250,0,0.5180486,0
1114,26.458544,30,1,0.5180486,1
1115,-39.104165,250,0,0.5180486,0
1116,29.882737,17,1,0.5180486,1
1117,30.036873,14,1,0.5180486,2
1118,14.101347,134,1,0.5180486,3
1119,-36.108035,250,0,0.5180486,0
1120,-23.168799,250,0,0.5180486,0
1121,-30.265363,250,0,0.5180486,0
1122,-35.489725,250,0,0.5180486,0
1123,-26.105396,250,0,0.5180486,0
1124,27.651479,32,1,0.5180486,1
1125,-37.894287,250,0,0.5180486,0
1126,-57.492518,250,0,0.5180486,0
1127,30.372106,17,1,0.5180486,1
1128,-35.460234,250,0,0.5180486,0
1129,-42.284545,250,0,0.5180486,0
1130,9.254159,88,1,0.5180486,1
1131,12.333225,193,1,0.5180486,2
1132,22.132459,95,1,0.5180486,3
1133,-34.271165,250,0,0.5180486,0
1134,-29.866283,250,0,0.5180486,0
1135,16.104341,111,1,0.5180486,1
1136,-43.64204,250,0,0.5180486,0
1137,20.906462,59,1,0.5180486,1
1138,17.508924,89,1,0.5180486,2
1139,-23.988951,250,0,0.5180486,0
1140,27.280193,34,1,0.5180486,1
1141,-164.505504,250,0,0.5180486,0
1142,27.609938,8,1,0.5180486,1
1143,-18.936911,250,0,0.5180486,0
1144,14.04112,109,1,0.5180486,1
1145,-1.880681,179,1,0.5180486,2
1146,24.720795,54,1,0.5180486,3
1147,-29.415551,250,0,0.5180486,0
1148,-35.356444,250,0,0.5180486,0
1149,-26.702842,250,0,0.5180486,0
1150,11.712463,56,1,0.5180486,1
1151,-109.159771,250,0,0.5180486,0
1152,29.79395,28,1,0.5180486,1
1153,28.465645,26,1,0.5180486,2
1154,-54.579884,189,1,0.5180486,3
1155,28.190084,12,1,0.5180486,4
1156,25.11942,57,1,0.5180486,0
1157,-1.183046,109,1,0.5180486,1
1158,-0.044646,241,1,0.5180486,2
1159,13.099369,195,1,0.5180486,3
1160,-15.690747,250,0,0.5180486,0
1161,-27.40573,250,0,0.5180486,0
1162,-27.003439,250,0,0.5180486,0
1163,25.45375,36,1,0.5180486,1
1164,26.851373,62,1,0.5180486,2
1165,26.650674,13,1,0.5180486,3
1166,-37.310003,250,0,0.5180486,0
1167,22.42851,42,1,0.5180486,1
1168,15.692225,166,1,0.5180486,2
1169,27.772575,38,1,0.5180486,3
1170,27.693984,35,1,0.5180486,4
1171,23.038717,101,1,0.5180486,0
1172,27.203423,46,1,0.5180486,1
1173,29.077349,20,1,0.5180486,2
1174,29.952487,12,1,0.5180486,3
1175,27.686869,33,1,0.5180486,4
1176,-32.066793,250,0,0.5180486,0
1177,-37.516875,250,0,0.5180486,0
1178,25.614823,28,1,0.5180486,1
1179,-82.358381,250,0,0.5180486,0
1180,26.528496,60,1,0.5180486,1
1181,29.441982,17,1,0.5180486,2
1182,27.471478,26,1,0.5180486,3
1183,27.859213,18,1,0.5180486,4
1184,17.951905,126,1,0.5180486,0
1185,-18.902118,250,0,0.5180486,0
1186,-99.692903,250,0,0.5180486,0
1187,14.957001,151,1,0.5180486,1
1188,11.908224,109,1,0.5180486,2
1189,26.880693,5,1,0.5180486,3
1190,-29.539632,250,0,0.5180486,0
1191,18.236129,76,1,0.5180486,1
1192,29.206955,20,1,0.5180486,2
1193,29.987603,25,1,0.5180486,3
1194,4.090996,65,1,0.5180486,4
1195,-16.306464,250,0,0.5180486,0
1196,10.572159,144,1,0.5180486,1
1197,-232.138328,250,0,0.5180486,0
1198,25.712061,54,1,0.5180486,1
1199,-39.566897,250,0,0.5180486,0
1200,16.894436,155,1,0.5180486,1
1201,22.899739,83,1,0.5180486,2
1202,26.765146,52,1,0.5180486,3
1203,-18.958073,250,0,0.5180486,0
1204,22.869602,58,1,0.5180486,1
1205,-67.64523,250,0,0.5180486,0
1206,23.094958,74,1,0.5180486,1
1207,-25.272163,250,0,0.5180486,0
1208,-90.246743,250,0,0.5180486,0
1209,26.406122,37,1,0.5180486,1
1210,11.990101,74,1,0.5180486,2
1211,-47.23545,250,0,0.5180486,0
1212,28.133543,8,1,0.5180486,1
1213,15.098272,100,1,0.5180486,2
1214,-38.023066,250,0,0.5180486,0
1215,29.560775,12,1,0.5180486,1
1216,-24.796029,250,0,0.5180486,0
1217,20.338551,170,1,0.5180486,1
1218,22.642853,41,1,0.5180486,2
1219,-83.260917,250,0,0.5180486,0
1220,29.10602,11,1,0.5180486,1
1221,19.193357,63,1,0.5180486,2
1222,-23.173679,250,0,0.5180486,0
1223,25.431434,36,1,0.5180486,1
1224,-21.460235,250,0,0.5180486,0
1225,-19.039748,250,0,0.5180486,0
1226,-183.124587,250,0,0.5180486,0
1227,25.099267,35,1,0.5180486,1
1228,-46.053928,241,1,0.5180486,2
1229,28.972539,32,1,0.5180486,3
1230,28.596254,18,1,0.5180486,4
1231,-22.545564,250,0,0.5180486,0
1232,-22.527762,250,0,0.5180486,0
1233,-14.695548,250,0,0.5180486,0
1234,28.296572,29,1,0.5180486,1
1235,-33.237735,250,0,0.5180486,0
1236,29.041971,19,1,0.5180486,1
1237,21.546538,85,1,0.5180486,2
1238,31.622576,15,1,0.5180486,3
1239,29.026386,11,1,0.5180486,4
1240,-44.13281,250,0,0.5180486,0
1241,27.752175,29,1,0.5180486,1
1242,10.992071,121,1,0.5180486,2
1243,22.458851,82,1,0.5180486,3
1244,22.909002,111,1,0.5180486,4
1245,23.497175,57,1,0.5180486,0
1246,-11.58702,250,0,0.5180486,0
1247,-27.050506,87,1,0.5180486,1
1248,27.066846,44,1,0.5180486,2
1249,-28.54522,250,0,0.5180486,0
1250,-143.249897,250,0,0.5180486,0
1251,8.956592,241,1,0.5180486,1
1252,-138.082615,250,0,0.5180486,0
1253,-28.012313,250,0,0.5180486,0
1254,25.57067,28,1,0.5180486,1
1255,-136.296878,250,0,0.5180486,0
1256,23.561363,54,1,0.5180486,1
1257,-105.316419,250,0,0.5180486,0
1258,11.786237,48,1,0.5180486,1
1259,1.21683,95,1,0.5180486,2
1260,-41.100351,250,0,0.5180486,0
1261,-22.115432,250,0,0.5180486,0
1262,-0.258558,56,1,0.5180486,1
1263,26.285372,25,1,0.5180486,2
1264,7.526917,40,1,0.5180486,3
1265,22.990216,74,1,0.5180486,4
1266,-127.418974,250,0,0.5180486,0
1267,-25.609266,250,0,0.5180486,0
1268,-264.975871,250,0,0.5180486,0
1269,23.99122,46,1,0.5180486,1
1270,28.135219,13,1,0.5180486,2
1271,11.151141,239,1,0.5180486,3
1272,25.240034,60,1,0.5180486,4
1273,24.504982,51,1,0.5180486,0
1274,12.186139,75,1,0.5180486,1
1275,26.577307,69,1,0.5180486,2
1276,-97.936927,250,0,0.5180486,0
1277,19.341103,59,1,0.5180486,1
1278,12.587438,228,1,0.5180486,2
1279,21.749794,109,1,0.5180486,3
1280,-21.450379,250,0,0.5180486,0
1281,29.160979,26,1,0.5180486,1
1282,21.550874,73,1,0.5180486,2
1283,28.706833,9,1,0.5180486,3
1284,-36.103323,250,0,0.5180486,0
1285,-193.232286,250,0,0.5180486,0
1286,27.557121,20,1,0.5180486,1
1287,27.286237,32,1,0.5180486,2
1288,19.45098,108,1,0.5180486,3
1289,-132.002795,250,0,0.5180486,0
1290,0.962547,117,1,0.5180486,1
1291,24.944342,36,1,0.5180486,2
1292,14.680656,103,1,0.5180486,3
1293,23.899315,35,1,0.5180486,4
1294,27.296538,6,1,0.5180486,0
1295,-8.846142,145,1,0.5180486,1
1296,19.277001,100,1,0.5180486,2
1297,-12.773653,154,1,0.5180486,3
1298,-123.086899,250,0,0.5180486,0
1299,24.321317,54,1,0.5180486,1
1300,24.37511,76,1,0.5180486,2
1301,-30.487356,250,0,0.5180486,0
1302,-19.492518,170,1,0.5180486,1
1303,28.787508,34,1,0.5180486,2
1304,21.434016,36,1,0.5180486,3
1305,29.94203,17,1,0.5180486,4
1306,-36.497552,250,0,0.5180486,0
1307,-16.89111,250,0,0.5180486,0
1308,25.593649,112,1,0.5180486,1
1309,-18.591591,250,0,0.5180486,0
1310,28.143973,23,1,0.5180486,1
1311,29.170571,24,1,0.5180486,2
1312,-25.378376,250,0,0.5180486,0
1313,-17.947612,250,0,0.5180486,0
1314,24.743384,28,1,0.5180486,1
1315,14.970685,54,1,0.5180486,2
1316,-36.962083,250,0,0.5180486,0
1317,21.851436,76,1,0.5180486,1
1318,19.796184,99,1,0.5180486,2
1319,-188.379048,250,0,0.5180486,0
1320,-33.944292,250,0,0.5180486,0
1321,29.286436,27,1,0.5180486,1
1322,7.723356,152,1,0.5180486,2
1323,-17.144936,235,1,0.5180486,3
1324,15.661741,123,1,0.5180486,4
1325,-139.837468,250,0,0.5180486,0
1326,29.050373,35,1,0.5180486,1
1327,-42.721072,250,0,0.5180486,0
1328,29.388624,16,1,0.5180486,1
1329,2.14015,125,1,0.5180486,2
1330,28.381147,23,1,0.5180486,3
1331,27.357458,27,1,0.5180486,4
1332,25.763678,36,1,0.5180486,0
1333,-31.784647,250,0,0.5180486,0
1334,30.612034,17,1,0.5180486,1
1335,26.156274,39,1,0.5180486,2
1336,16.607205,146,1,0.5180486,3
1337,-108.774634,250,0,0.5180486,0
1338,-27.228917,250,0,0.5180486,0
1339,19.085604,114,1,0.5180486,1
1340,-40.72536,250,0,0.5180486,0
1341,-53.101895,250,0,0.5180486,0
1342,-35.268419,250,0,0.5180486,0
1343,-43.010333,250,0,0.5180486,0
1344,-15.88932,250,0,0.5180486,0
1345,-168.592124,250,0,0.5180486,0
1346,27.221351,14,1,0.5180486,1
1347,-14.125561,250,0,0.5180486,0
1348,-29.125654,250,0,0.5180486,0
1349,-13.400298,250,0,0.5180486,0
1350,-204.310953,250,0,0.5180486,0
1351,-16.659531,250,0,0.5180486,0
1352,-26.942127,250,0,0.5180486,0
1353,-156.996902,250,0,0.5180486,0
1354,15.399171,158,1,0.5180486,1
1355,-128.084576,250,0,0.5180486,0
1356,-62.002167,250,0,0.5180486,0
1357,18.872871,126,1,0.5180486,1
1358,-55.683944,250,0,0.5180486,0
1359,20.969802,130,1,0.5180486,1
1360,30.632065,13,1,0.5180486,2
1361,-46.494146,250,0,0.5180486,0
1362,24.945376,60,1,0.5180486,1
1363,30.104272,14,1,0.5180486,2
1364,28.247109,23,1,0.5180486,3
1365,29.262269,24,1,0.5180486,4
1366,-35.479101,250,0,0.5180486,0
1367,3.249246,58,1,0.5180486,1
1368,-29.708237,250,0,0.5180486,0
1369,24.91834,29,1,0.5180486,1
1370,22.391288,42,1,0.5180486,2
1371,-29.239431,250,0,0.5180486,0
1372,-11.042771,103,1,0.5180486,1
1373,-3.553552,195,1,0.5180486,2
1374,-27.283794,250,0,0.5180486,0
1375,22.228982,50,1,0.5180486,1
1376,-48.410982,92,1,0.5180486,2
1377,13.969986,62,1,0.5180486,3
1378,27.533178,33,1,0.5180486,4
1379,-20.267744,250,0,0.5180486,0
1380,-42.24332,250,0,0.5180486,0
1381,11.079375,179,1,0.5180486,1
1382,25.076159,35,1,0.5180486,2
1383,-115.638417,250,0,0.5180486,0
1384,21.728787,127,1,0.5180486,1
1385,22.07919,27,1,0.5180486,2
1386,-53.992765,250,0,0.5180486,0
1387,30.338712,15,1,0.5180486,1
1388,-21.445895,250,0,0.5180486,0
1389,27.120032,33,1,0.5180486,1
1390,25.354814,87,1,0.5180486,2
1391,-74.623123,250,0,0.5180486,0
1392,-6.329756,61,1,0.5180486,1
1393,26.381697,26,1,0.5180486,2
1394,-38.043817,250,0,0.5180486,0
1395,24.79944,69,1,0.5180486,1
1396,0.618125,217,1,0.5180486,2
1397,16.42791,75,1,0.5180486,3
1398,-25.919093,250,0,0.5180486,0
1399,-24.084685,250,0,0.5180486,0
1400,-13.260989,250,0,0.5180486,0
1401,28.058116,43,1,0.5180486,1
1402,-41.402673,250,0,0.5180486,0
1403,20.038061,121,1,0.5180486,1
1404,-21.823064,250,0,0.5180486,0
1405,-73.882028,250,0,0.5180486,0
1406,27.916551,39,1,0.5180486,1
1407,29.598034,24,1,0.5180486,2
1408,-25.44667,250,0,0.5180486,0
1409,28.535938,29,1,0.5180486,1
1410,-76.596998,250,0,0.5180486,0
1411,24.317307,34,1,0.5180486,1
1412,-17.623506,250,0,0.5180486,0
1413,25.374542,38,1,0.5180486,1
1414,-47.422005,250,0,0.5180486,0
1415,-29.72395,250,0,0.5180486,0
1416,-32.473315,250,0,0.5180486,0
1417,30.094767,26,1,0.5180486,1
1418,27.360135,43,1,0.5180486,2
1419,9.356134,49,1,0.5180486,3
1420,4.187069,119,1,0.5180486,4
1421,8.261919,205,1,0.5180486,0
1422,-24.948949,250,0,0.5180486,0
1423,-6.02992,63,1,0.5180486,1
1424,-60.351613,250,0,0.5180486,0
1425,26.22704,7,1,0.5180486,1
1426,27.571978,23,1,0.5180486,2
1427,30.099327,9,1,0.5180486,3
1428,-31.827078,250,0,0.5180486,0
1429,31.276367,15,1,0.5180486,1
1430,-45.654336,250,0,0.5180486,0
1431,-21.592191,250,0,0.5180486,0
1432,17.195627,102,1,0.5180486,1
1433,-5.039069,73,1,0.5180486,2
1434,6.280019,80,1,0.5180486,3
1435,14.323628,57,1,0.5180486,4
1436,18.512039,49,1,0.5180486,0
1437,-43.551774,250,0,0.5180486,0
1438,-18.676727,250,0,0.5180486,0
1439,28.460173,25,1,0.5180486,1
1440,30.369846,11,1,0.5180486,2
1441,27.287596,8,1,0.5180486,3
1442,25.532477,42,1,0.5180486,4
1443,24.63157,45,1,0.5180486,0
1444,-28.387346,250,0,0.5180486,0
1445,-19.700735,250,0,0.5180486,0
1446,-16.48887,138,1,0.5180486,1
1447,-49.733721,250,0,0.5180486,0
1448,27.250936,35,1,0.5180486,1
1449,-197.389223,250,0,0.5180486,0
1450,-28.265918,250,0,0.5180486,0
1451,-94.334441,227,1,0.5180486,1
1452,-23.789286,250,0,0.5180486,0
1453,29.439949,14,1,0.5180486,1
1454,29.886634,23,1,0.5180486,2
1455,-21.412634,250,0,0.5180486,0
1456,28.601288,26,1,0.5180486,1
1457,-37.298874,250,0,0.5180486,0
1458,28.556216,25,1,0.5180486,1
1459,0.086704,125,1,0.5180486,2
1460,-20.394331,250,0,0.5180486,0
1461,14.543526,140,1,0.5180486,1
1462,24.448494,38,1,0.5180486,2
1463,27.821972,31,1,0.5180486,3
1464,23.939556,63,1,0.5180486,4
1465,23.908487,83,1,0.5180486,0
1466,-33.243941,250,0,0.5180486,0
1467,-63.975302,250,0,0.5180486,0
1468,-22.31116,250,0,0.5180486,0
1469,-82.741649,250,0,0.5180486,0
1470,29.023076,23,1,0.5180486,1
1471,23.101747,17,1,0.5180486,2
1472,29.334383,9,1,0.5180486,3
1473,30.0725,16,1,0.5180486,4
1474,30.644967,26,1,0.5180486,0
1475,25.898164,25,1,0.5180486,1
1476,21.582226,110,1,0.5180486,2
1477,25.344904,30,1,0.5180486,3
1478,29.127668,8,1,0.5180486,4
1479,27.395937,27,1,0.5180486,0
1480,25.372917,26,1,0.5180486,1
1481,17.638406,177,1,0.5180486,2
1482,28.516607,23,1,0.5180486,3
1483,26.06078,23,1,0.5180486,4
1484,-28.488559,250,0,0.5180486,0
1485,28.009361,15,1,0.5180486,1
1486,25.841735,38,1,0.5180486,2
1487,-28.96045,250,0,0.5180486,0
1488,-22.836455,250,0,0.5180486,0
1489,17.555551,97,1,0.5180486,1
1490,-37.351398,250,0,0.5180486,0
1491,19.57627,46,1,0.5180486,1
1492,-25.876097,250,0,0.5180486,0
1493,-22.001196,250,0,0.5180486,0
1494,-34.385812,250,0,0.5180486,0
1495,-33.428216,250,0,0.5180486,0
1496,17.935777,69,1,0.5180486,1
1497,31.80712,17,1,0.5180486,2
1498,-43.135565,250,0,0.5180486,0
1499,-26.019229,250,0,0.5180486,0
1500,15.940228,149,1,0.5180486,1
1501,-31.340398,250,0,0.5180486,0
1502,28.00899,18,1,0.5180486,1
1503,-221.075568,250,0,0.5180486,0
1504,17.328296,99,1,0.5180486,1
1505,-26.207939,250,0,0.5180486,0
1506,-25.624432,250,0,0.5180486,0
1507,26.054592,23,1,0.5180486,1
1508,14.162678,59,1,0.5180486,2
1509,27.636612,17,1,0.5180486,3
1510,20.704296,60,1,0.5180486,4
1511,24.17725,33,1,0.5180486,0
1512,-36.816968,250,0,0.5180486,0
1513,26.563702,46,1,0.5180486,1
1514,-21.753135,250,0,0.5180486,0
1515,27.189392,34,1,0.5180486,1
1516,-21.011057,250,0,0.5180486,0
1517,30.193175,14,1,0.5180486,1
1518,-25.031379,250,0,0.5180486,0
1519,22.287773,50,1,0.5180486,1
1520,5.51047,62,1,0.5180486,2
1521,8.864286,67,1,0.5180486,3
1522,29.764874,11,1,0.5180486,4
1523,20.632521,141,1,0.5180486,0
1524,17.518183,55,1,0.5180486,1
1525,-25.649931,250,0,0.5180486,0
1526,-28.208167,250,0,0.5180486,0
1527,-24.92079,250,0,0.5180486,0
1528,-69.292448,250,0,0.5180486,0
1529,29.535615,25,1,0.5180486,1
1530,-28.350124,250,0,0.5180486,0
1531,-23.190408,250,0,0.5180486,0
1532,26.025613,38,1,0.5180486,1
1533,-33.870372,250,0,0.5180486,0
1534,27.702825,38,1,0.5180486,1
1535,-43.03433,250,0,0.5180486,0
1536,-4.505447,165,1,0.5180486,1
1537,-340.276934,250,0,0.5180486,0
1538,-29.303954,250,0,0.5180486,0
1539,-18.8292,250,0,0.5180486,0
1540,-37.008314,250,0,0.5180486,0
1541,-21.5064,250,0,0.5180486,0
1542,28.665199,16,1,0.5180486,1
1543,27.211339,27,1,0.5180486,2
1544,27.537554,38,1,0.5180486,3
1545,24.550075,69,1,0.5180486,4
1546,25.783057,34,1,0.5180486,0
1547,-31.703544,250,0,0.5180486,0
1548,21.480255,82,1,0.5180486,1
1549,-83.271487,250,0,0.5180486,0
1550,-32.979128,250,0,0.5180486,0
1551,28.883449,19,1,0.5180486,1
1552,-23.514491,250,0,0.5180486,0
1553,-278.026456,250,0,0.5180486,0
1554,22.990185,23,1,0.5180486,1
1555,-20.055463,250,0,0.5180486,0
1556,-69.885627,250,0,0.5180486,0
1557,16.319597,131,1,0.5180486,1
1558,26.131134,45,1,0.5180486,2
1559,19.93387,154,1,0.5180486,3
1560,-17.259389,250,0,0.5180486,0
1561,21.812303,14,1,0.5180486,1
1562,-28.844788,250,0,0.5180486,0
1563,19.990377,29,1,0.5180486,1
1564,21.663495,25,1,0.5180486,2
1565,-97.560331,231,1,0.5180486,3
1566,-28.396143,250,0,0.5180486,0
1567,29.620063,18,1,0.5180486,1
1568,27.57683,25,1,0.5180486,2
1569,22.830955,15,1,0.5180486,3
1570,27.626293,22,1,0.5180486,4
1571,24.905536,15,1,0.5180486,0
1572,24.555405,69,1,0.5180486,1
1573,26.11043,47,1,0.5180486,2
1574,-91.358474,250,0,0.5180486,0
1575,29.669577,22,1,0.5180486,1
1576,25.565262,22,1,0.5180486,2
1577,20.985322,56,1,0.5180486,3
1578,23.573501,57,1,0.5180486,4
1579,-31.052867,250,0,0.5180486,0
1580,-26.150764,250,0,0.5180486,0
1581,25.946529,18,1,0.5180486,1
1582,-16.536229,250,0,0.5180486,0
1583,26.387158,24,1,0.5180486,1
1584,-30.545477,250,0,0.5180486,0
1585,30.153953,12,1,0.5180486,1
1586,28.234403,26,1,0.5180486,2
1587,28.935649,20,1,0.5180486,3
1588,21.959819,33,1,0.5180486,4
1589,-22.223964,250,0,0.5180486,0
1590,24.20646,48,1,0.5180486,1
1591,-36.052735,250,0,0.5180486,0
1592,23.956145,30,1,0.5180486,1
1593,-35.338693,250,0,0.5180486,0
1594,18.200978,88,1,0.5180486,1
1595,-32.822062,250,0,0.5180486,0
1596,14.937667,121,1,0.5180486,1
1597,17.208737,108,1,0.5180486,2
1598,-40.539656,250,0,0.5180486,0
1599,31.114327,15,1,0.5180486,1
1600,11.909936,134,1,0.5180486,2
1601,-60.214382,250,0,0.5180486,0
1602,26.801442,44,1,0.5180486,1
1603,23.622343,31,1,0.5180486,2
1604,12.81756,71,1,0.5180486,3
1605,-25.20799,112,1,0.5180486,4
1606,23.545812,32,1,0.5180486,0
1607,-24.559817,250,0,0.5180486,0
1608,25.089339,93,1,0.5180486,1
1609,15.56886,32,1,0.5180486,2
1610,-21.325062,250,0,0.5180486,0
1611,24.961126,41,1,0.5180486,1
1612,-29.682695,250,0,0.5180486,0
1613,27.596399,33,1,0.5180486,1
1614,26.717632,6,1,0.5180486,2
1615,-45.479875,250,0,0.5180486,0
1616,-20.556638,250,0,0.5180486,0
1617,-40.691917,250,0,0.5180486,0
1618,-21.94684,250,0,0.5180486,0
1619,17.099057,43,1,0.5180486,1
1620,-16.20758,250,0,0.5180486,0
1621,25.408518,50,1,0.5180486,1
1622,24.748534,28,1,0.5180486,2
1623,-21.745227,250,0,0.5180486,0
1624,12.459426,187,1,0.5180486,1
1625,26.527718,14,1,0.5180486,2
1626,28.963026,47,1,0.5180486,3
1627,14.144622,171,1,0.5180486,4
1628,-23.119821,250,0,0.5180486,0
1629,29.045387,12,1,0.5180486,1
1630,24.083912,87,1,0.5180486,2
1631,-109.634011,250,0,0.5180486,0
1632,20.581812,63,1,0.5180486,1
1633,-20.2945,250,0,0.5180486,0
1634,21.684317,97,1,0.5180486,1
1635,-10.397746,87,1,0.5180486,2
1636,26.83464,21,1,0.5180486,3
1637,-14.111699,77,1,0.5180486,4
1638,29.953264,9,1,0.5180486,0
1639,1.15893,69,1,0.5180486,1
1640,27.416891,19,1,0.5180486,2
1641,18.490447,96,1,0.5180486,3
1642,27.014776,24,1,0.5180486,4
1643,16.338124,218,1,0.5180486,0
1644,-16.701353,250,0,0.5180486,0
1645,27.190922,45,1,0.5180486,1
1646,24.762492,16,1,0.5180486,2
1647,-24.275618,250,0,0.5180486,0
1648,21.309811,39,1,0.5180486,1
1649,-22.913336,250,0,0.5180486,0
1650,24.136617,102,1,0.5180486,1
1651,22.506162,90,1,0.5180486,2
1652,27.298816,33,1,0.5180486,3
1653,-27.733049,250,0,0.5180486,0
1654,-48.13593,250,0,0.5180486,0
1655,23.931625,31,1,0.5180486,1
1656,24.926879,38,1,0.5180486,2
1657,3.240171,73,1,0.5180486,3
1658,26.508623,52,1,0.5180486,4
1659,9.940163,187,1,0.5180486,0
1660,21.511262,69,1,0.5180486,1
1661,22.414631,100,1,0.5180486,2
1662,-24.949501,250,0,0.5180486,0
1663,-26.033462,250,0,0.5180486,0
1664,25.172442,29,1,0.5180486,1
1665,29.379874,29,1,0.5180486,2
1666,29.405945,28,1,0.5180486,3
1667,-0.482895,63,1,0.5180486,4
1668,-31.380085,250,0,0.5180486,0
1669,-20.992896,250,0,0.5180486,0
1670,27.900382,26,1,0.5180486,1
1671,-75.105007,250,0,0.5180486,0
1672,28.248502,32,1,0.5180486,1
1673,25.965844,35,1,0.5180486,2
1674,21.293847,43,1,0.5180486,3
1675,17.704062,37,1,0.5180486,4
1676,-18.421176,250,0,0.5180486,0
1677,29.29792,17,1,0.5180486,1
1678,-36.89071,250,0,0.5180486,0
1679,26.583278,27,1,0.5180486,1
1680,-67.857844,250,0,0.5180486,0
1681,-32.565727,250,0,0.5180486,0
1682,-3.813413,61,1,0.5180486,1
1683,-27.908991,250,0,0.5180486,0
1684,27.138614,67,1,0.5180486,1
1685,-37.611108,250,0,0.5180486,0
1686,22.791613,88,1,0.5180486,1
1687,27.453866,30,1,0.5180486,2
1688,12.347673,92,1,0.5180486,3
1689,-17.382385,250,0,0.5180486,0
1690,22.201896,71,1,0.5180486,1
1691,-264.879743,250,0,0.5180486,0
1692,-24.227385,250,0,0.5180486,0
1693,-39.285632,250,0,0.5180486,0
1694,-14.487113,250,0,0.5180486,0
1695,-20.303148,250,0,0.5180486,0
1696,-28.517856,250,0,0.5180486,0
1697,-19.558956,250,0,0.5180486,0
1698,27.294836,4,1,0.5180486,1
1699,-37.060564,129,1,0.5180486,2
1700,6.557625,95,1,0.5180486,3
1701,11.964265,110,1,0.5180486,4
1702,17.071934,140,1,0.5180486,0
1703,21.341659,52,1,0.5180486,1
1704,29.282815,24,1,0.5180486,2
1705,24.336648,77,1,0.5180486,3
1706,15.545906,44,1,0.5180486,4
1707,-24.326287,250,0,0.5180486,0
1708,2.440032,118,1,0.5180486,1
1709,30.467234,18,1,0.5180486,2
1710,-23.440472,250,0,0.5180486,0
1711,26.676232,27,1,0.5180486,1
1712,7.71148,54,1,0.5180486,2
1713,28.530171,20,1,0.5180486,3
1714,12.985364,95,1,0.5180486,4
1715,-21.970617,250,0,0.5180486,0
1716,26.104238,12,1,0.5180486,1
1717,-12.69427,71,1,0.5180486,2
1718,-6.494457,128,1,0.5180486,3
1719,27.166716,8,1,0.5180486,4
1720,-219.448815,250,0,0.5180486,0
1721,-83.469818,250,0,0.5180486,0
1722,-18.626495,250,0,0.5180486,0
1723,12.521414,107,1,0.5180486,1
1724,25.603788,14,1,0.5180486,2
1725,18.860326,111,1,0.5180486,3
1726,-116.226407,250,0,0.5180486,0
1727,31.559176,11,1,0.5180486,1
1728,27.852392,20,1,0.5180486,2
1729,24.212404,28,1,0.5180486,3
1730,-115.883903,250,0,0.5180486,0
1731,-31.037365,250,0,0.5180486,0
1732,-18.931121,250,0,0.5180486,0
1733,27.897656,26,1,0.5180486,1
1734,-15.556515,250,0,0.5180486,0
1735,-16.95074,250,0,0.5180486,0
1736,-22.385588,250,0,0.5180486,0
1737,9.923704,71,1,0.5180486,1
1738,28.269151,35,1,0.5180486,2
1739,-22.679656,250,0,0.5180486,0
1740,-15.797878,138,1,0.5180486,1
1741,24.579768,94,1,0.5180486,2
1742,-14.496235,250,0,0.5180486,0
1743,27.259702,57,1,0.5180486,1
1744,29.441703,27,1,0.5180486,2
1745,-13.616824,250,0,0.5180486,0
1746,-22.924917,250,0,0.5180486,0
1747,-29.681619,250,0,0.5180486,0
1748,4.244865,95,1,0.5180486,1
1749,21.598446,30,1,0.5180486,2
1750,-22.271313,250,0,0.5180486,0
1751,-13.428492,250,0,0.5180486,0
1752,-78.971986,250,0,0.5180486,0
1753,9.269912,80,1,0.5180486,1
1754,22.645391,61,1,0.5180486,2
1755,28.740196,19,1,0.5180486,3
1756,-60.815712,250,0,0.5180486,0
1757,23.81387,25,1,0.5180486,1
1758,26.077903,25,1,0.5180486,2
1759,24.871132,32,1,0.5180486,3
1760,-162.090835,250,0,0.5180486,0
1761,-24.611273,250,0,0.5180486,0
1762,-0.745369,228,1,0.5180486,1
1763,-98.034652,250,0,0.5180486,0
1764,28.134664,22,1,0.5180486,1
1765,-13.618644,250,0,0.5180486,0
1766,-80.683089,143,1,0.5180486,1
1767,26.954315,23,1,0.5180486,2
1768,-22.545002,250,0,0.5180486,0
1769,20.726694,85,1,0.5180486,1
1770,-20.967108,250,0,0.5180486,0
1771,-15.014552,250,0,0.5180486,0
1772,27.73303,28,1,0.5180486,1
1773,-20.375075,250,0,0.5180486,0
1774,-17.024791,250,0,0.5180486,0
1775,28.415467,27,1,0.5180486,1
1776,28.652338,8,1,0.5180486,2
1777,11.980236,184,1,0.5180486,3
1778,28.434783,24,1,0.5180486,4
1779,23.796258,104,1,0.5180486,0
1780,-100.286889,250,0,0.5180486,0
1781,29.796659,13,1,0.5180486,1
1782,-46.815302,250,0,0.5180486,0
1783,-48.881097,250,0,0.5180486,0
1784,-32.876238,250,0,0.5180486,0
1785,-10.778704,250,0,0.5180486,0
1786,-28.311545,250,0,0.5180486,0
1787,17.504757,151,1,0.5180486,1
1788,-39.086932,250,0,0.5180486,0
1789,-20.281764,250,0,0.5180486,0
1790,11.3281,197,1,0.5180486,1
1791,-41.605967,250,0,0.5180486,0
1792,28.152158,16,1,0.5180486,1
1793,-19.592204,250,0,0.5180486,0
1794,-22.239542,250,0,0.5180486,0
1795,-15.070313,250,0,0.5180486,0
1796,27.511333,32,1,0.5180486,1
1797,30.504775,11,1,0.5180486,2
1798,23.961146,36,1,0.5180486,3
1799,28.544258,39,1,0.5180486,4
1800,23.441882,20,1,0.5180486,0
1801,-50.472885,250,0,0.5180486,0
1802,-45.638988,250,0,0.5180486,0
1803,-15.295553,250,0,0.5180486,0
1804,29.676217,20,1,0.5180486,1
1805,28.254557,46,1,0.5180486,2
1806,-19.150299,250,0,0.5180486,0
1807,-20.56023,250,0,0.5180486,0
1808,25.056724,38,1,0.5180486,1
1809,25.578421,28,1,0.5180486,2
1810,27.590603,18,1,0.5180486,3
1811,-5.844043,86,1,0.5180486,4
1812,-15.385274,250,0,0.5180486,0
1813,-39.018787,250,0,0.5180486,0
1814,26.352467,20,1,0.5180486,1
1815,26.670055,14,1,0.5180486,2
1816,-13.011264,250,0,0.5180486,0
1817,-25.700259,250,0,0.5180486,0
1818,4.21905,89,1,0.5180486,1
1819,21.913472,39,1,0.5180486,2
1820,28.005503,34,1,0.5180486,3
1821,-24.923373,250,0,0.5180486,0
1822,26.63456,48,1,0.5180486,1
1823,-20.831331,250,0,0.5180486,0
1824,23.556879,37,1,0.5180486,1
1825,-24.580276,250,0,0.5180486,0
1826,-262.337454,250,0,0.5180486,0
1827,7.420802,147,1,0.5180486,1
1828,-44.899908,250,0,0.5180486,0
1829,27.594347,19,1,0.5180486,1
1830,16.806982,37,1,0.5180486,2
1831,24.550377,55,1,0.5180486,3
1832,-51.073635,182,1,0.5180486,4
1833,29.627074,19,1,0.5180486,0
1834,-19.543957,250,0,0.5180486,0
1835,23.0132,84,1,0.5180486,1
1836,-16.886867,250,0,0.5180486,0
1837,-105.353855,250,0,0.5180486,0
1838,28.470919,18,1,0.5180486,1
1839,23.729734,54,1,0.5180486,2
1840,23.523667,38,1,0.5180486,3
1841,-37.412617,250,0,0.5180486,0
1842,27.41712,11,1,0.5180486,1
1843,26.153337,44,1,0.5180486,2
1844,-11.908506,250,0,0.5180486,0
1845,-31.207837,250,0,0.5180486,0
1846,-146.934914,181,1,0.5180486,1
1847,26.659742,18,1,0.5180486,2
1848,-2.22294,65,1,0.5180486,3
1849,-197.302503,250,0,0.5180486,0
1850,-17.947008,250,0,0.5180486,0
1851,-27.375125,250,0,0.5180486,0
1852,-21.238879,250,0,0.5180486,0
1853,23.31903,32,1,0.5180486,1
1854,15.206711,47,1,0.5180486,2
1855,28.493801,26,1,0.5180486,3
1856,27.225407,12,1,0.5180486,4
1857,18.851919,47,1,0.5180486,0
1858,-8.401223,72,1,0.5180486,1
1859,31.021346,10,1,0.5180486,2
1860,-99.899026,250,0,0.5180486,0
1861,23.533402,47,1,0.5180486,1
1862,-16.859793,250,0,0.5180486,0
1863,25.897806,1,1,0.5180486,1
1864,29.930124,25,1,0.5180486,2
1865,26.596186,37,1,0.5180486,3
1866,-26.851436,250,0,0.5180486,0
1867,-25.002882,250,0,0.5180486,0
1868,19.054747,92,1,0.5180486,1
1869,-96.016061,250,0,0.5180486,0
1870,18.790903,26,1,0.5180486,1
1871,20.054683,108,1,0.5180486,2
1872,-150.203433,250,0,0.5180486,0
1873,-27.07015,250,0,0.5180486,0
1874,26.8564,29,1,0.5180486,1
1875,12.55163,70,1,0.5180486,2
1876,13.177244,184,1,0.5180486,3
1877,27.533422,21,1,0.5180486,4
1878,-23.666995,250,0,0.5180486,0
1879,21.68095,91,1,0.5180486,1
1880,25.2327,57,1,0.5180486,2
1881,16.797336,31,1,0.5180486,3
1882,-20.996316,250,0,0.5180486,0
1883,-18.055192,250,0,0.5180486,0
1884,4.133214,177,1,0.5180486,1
1885,32.133651,14,1,0.5180486,2
1886,-38.563782,250,0,0.5180486,0
1887,-245.081091,250,0,0.5180486,0
1888,24.539914,22,1,0.5180486,1
1889,-26.330324,250,0,0.5180486,0
1890,-18.824751,250,0,0.5180486,0
1891,-26.544606,250,0,0.5180486,0
1892,-22.235514,250,0,0.5180486,0
1893,24.707223,93,1,0.5180486,1
1894,-23.476973,250,0,0.5180486,0
1895,27.85737,40,1,0.5180486,1
1896,26.227991,28,1,0.5180486,2
1897,30.385947,11,1,0.5180486,3
1898,29.500849,21,1,0.5180486,4
1899,28.737152,24,1,0.5180486,0
1900,-46.267864,250,0,0.5180486,0
1901,7.609858,128,1,0.5180486,1
1902,-26.447712,250,0,0.5180486,0
1903,2.761439,54,1,0.5180486,1
1904,-33.637095,250,0,0.5180486,0
1905,28.388595,26,1,0.5180486,1
1906,-28.329937,250,0,0.5180486,0
1907,-10.956569,250,0,0.5180486,0
1908,24.130284,75,1,0.5180486,1
1909,-21.989672,250,0,0.5180486,0
1910,29.141078,25,1,0.5180486,1
1911,29.853102,22,1,0.5180486,2
1912,29.028853,10,1,0.5180486,3
1913,28.084179,18,1,0.5180486,4
1914,-13.128905,250,0,0.5180486,0
1915,29.30834,27,1,0.5180486,1
1916,-15.665659,250,0,0.5180486,0
1917,-20.948578,250,0,0.5180486,0
1918,26.979697,43,1,0.5180486,1
1919,29.270701,6,1,0.5180486,2
1920,-16.705851,250,0,0.5180486,0
1921,-142.813008,250,0,0.5180486,0
1922,30.296239,44,1,0.5180486,1
1923,-32.70679,250,0,0.5180486,0
1924,28.598883,13,1,0.5180486,1
1925,22.391634,38,1,0.5180486,2
1926,29.614227,19,1,0.5180486,3
1927,18.823805,36,1,0.5180486,4
1928,28.419908,28,1,0.5180486,0
1929,10.329053,75,1,0.5180486,1
1930,-25.66031,250,0,0.5180486,0
1931,28.670816,21,1,0.5180486,1
1932,26.243192,13,1,0.5180486,2
1933,-21.55889,250,0,0.5180486,0
1934,25.224719,58,1,0.5180486,1
1935,-15.841779,250,0,0.5180486,0
1936,30.090073,27,1,0.5180486,1
1937,10.244616,125,1,0.5180486,2
1938,13.949422,54,1,0.5180486,3
1939,5.721716,51,1,0.5180486,4
1940,-18.989148,250,0,0.5180486,0
1941,-11.232323,250,0,0.5180486,0
1942,-23.199048,250,0,0.5180486,0
1943,-28.787493,250,0,0.5180486,0
1944,31.49007,13,1,0.5180486,1
1945,-19.009547,250,0,0.5180486,0
1946,-32.55812,250,0,0.5180486,0
1947,14.567034,159,1,0.5180486,1
1948,25.209813,53,1,0.5180486,2
1949,-30.941162,250,0,0.5180486,0
1950,25.888721,15,1,0.5180486,1
1951,28.82752,21,1,0.5180486,2
1952,-10.516939,250,0,0.5180486,0
1953,-10.782238,250,0,0.5180486,0
1954,15.945799,99,1,0.5180486,1
1955,22.460818,32,1,0.5180486,2
1956,-38.271833,250,0,0.5180486,0
1957,26.527573,4,1,0.5180486,1
1958,-26.052161,250,0,0.5180486,0
1959,27.747903,28,1,0.5180486,1
1960,11.413148,42,1,0.5180486,2
1961,30.882915,22,1,0.5180486,3
1962,26.08814,53,1,0.5180486,4
1963,24.988828,68,1,0.5180486,0
1964,24.998096,28,1,0.5180486,1
1965,25.274861,22,1,0.5180486,2
1966,28.586989,32,1,0.5180486,3
1967,15.750087,23,1,0.5180486,4
1968,28.278673,21,1,0.5180486,0
1969,30.776494,12,1,0.5180486,1
1970,11.902285,196,1,0.5180486,2
1971,17.995609,27,1,0.5180486,3
1972,-60.340324,250,0,0.5180486,0
1973,-2.59763,56,1,0.5180486,1
1974,-13.361351,250,0,0.5180486,0
1975,29.396283,25,1,0.5180486,1
1976,-25.851234,250,0,0.5180486,0
1977,29.637461,12,1,0.5180486,1
1978,-18.76855,250,0,0.5180486,0
1979,26.869877,32,1,0.5180486,1
1980,-42.561013,175,1,0.5180486,2
1981,-10.13309,250,0,0.5180486,0
1982,24.437029,68,1,0.5180486,1
1983,-24.880099,250,0,0.5180486,0
1984,-20.374908,250,0,0.5180486,0
1985,-19.610417,250,0,0.5180486,0
1986,29.69393,16,1,0.5180486,1
1987,27.313997,57,1,0.5180486,2
1988,26.666762,23,1,0.5180486,3
1989,27.464187,5,1,0.5180486,4
1990,-25.137334,250,0,0.5180486,0
1991,25.22344,57,1,0.5180486,1
1992,-26.606816,250,0,0.5180486,0
1993,22.906076,107,1,0.5180486,1
1994,19.17867,162,1,0.5180486,2
1995,-27.187824,250,0,0.5180486,0
1996,29.575268,29,1,0.5180486,1
1997,28.12277,21,1,0.5180486,2
1998,-19.295868,250,0,0.5180486,0
1999,27.524083,20,1,0.5180486,1
2000,-232.704514,250,0,0.5180486,0
2001,26.115486,20,1,0.5180486,1
2002,-17.079727,250,0,0.5180486,0
2003,8.320852,231,1,0.5180486,1
2004,22.301518,62,1,0.5180486,2
2005,-7.343353,250,0,0.5180486,0
2006,24.02093,24,1,0.5180486,1
2007,26.081402,48,1,0.5180486,2
2008,29.291059,35,1,0.5180486,3
2009,-37.30043,250,0,0.5180486,0
2010,-22.661914,250,0,0.5180486,0
2011,-9.142564,250,0,0.5180486,0
2012,-17.899635,231,1,0.5180486,1
2013,26.973056,65,1,0.5180486,2
2014,-23.778786,250,0,0.5180486,0
2015,-19.207405,250,0,0.5180486,0
2016,28.230607,20,1,0.5180486,1
2017,9.078892,46,1,0.5180486,2
2018,18.898904,52,1,0.5180486,3
2019,-21.769049,250,0,0.5180486,0
2020,2.854071,47,1,0.5180486,1
2021,29.291657,10,1,0.5180486,2
2022,27.925271,41,1,0.5180486,3
2023,26.120473,5,1,0.5180486,4
2024,21.382603,103,1,0.5180486,0
2025,-15.360536,250,0,0.5180486,0
2026,-17.758165,250,0,0.5180486,0
2027,-20.223188,250,0,0.5180486,0
2028,-21.671502,250,0,0.5180486,0
2029,-48.185066,250,0,0.5180486,0
2030,-26.886986,250,0,0.5180486,0
2031,-20.098242,250,0,0.5180486,0
2032,-21.774385,250,0,0.5180486,0
2033,23.496093,6,1,0.5180486,1
2034,10.144354,242,1,0.5180486,2
2035,26.36936,58,1,0.5180486,3
2036,25.137965,38,1,0.5180486,4
2037,29.587787,40,1,0.5180486,0
2038,-25.736175,250,0,0.5180486,0
2039,29.843506,19,1,0.5180486,1
2040,28.018472,19,1,0.5180486,2
2041,29.231579,23,1,0.5180486,3
2042,26.715556,24,1,0.5180486,4
2043,22.845155,73,1,0.5180486,0
2044,-26.438098,250,0,0.5180486,0
2045,-13.63491,250,0,0.5180486,0
2046,27.951052,29,1,0.5180486,1
2047,25.951577,59,1,0.5180486,2
2048,5.467805,63,1,0.5180486,3
2049,-23.762563,250,0,0.5180486,0
2050,-24.948997,250,0,0.5180486,0
2051,-34.819038,250,0,0.5180486,0
2052,27.785481,41,1,0.5180486,1
2053,28.158342,25,1,0.5180486,2
2054,27.791686,18,1,0.5180486,3
2055,18.538174,139,1,0.5180486,4
2056,3.479619,42,1,0.5180486,0
2057,-17.521675,250,0,0.5180486,0
2058,27.847542,57,1,0.5180486,1
2059,-76.544472,250,0,0.5180486,0
2060,24.331025,40,1,0.5180486,1
2061,24.238957,40,1,0.5180486,2
2062,-41.412632,250,0,0.5180486,0
2063,30.892446,23,1,0.5180486,1
2064,25.175319,33,1,0.5180486,2
2065,24.486711,54,1,0.5180486,3
2066,-22.155061,250,0,0.5180486,0
2067,26.674947,39,1,0.5180486,1
2068,17.839592,178,1,0.5180486,2
2069,26.230133,23,1,0.5180486,3
2070,-16.341102,250,0,0.5180486,0
2071,-22.718229,250,0,0.5180486,0
2072,-20.536201,250,0,0.5180486,0
2073,28.535926,24,1,0.5180486,1
2074,-16.020161,250,0,0.5180486,0
2075,31.361866,13,1,0.5180486,1
2076,26.395973,42,1,0.5180486,2
2077,27.343278,37,1,0.5180486,3
2078,-11.018318,250,0,0.5180486,0
2079,18.653497,41,1,0.5180486,1
2080,20.652207,30,1,0.5180486,2
2081,-1.924724,71,1,0.5180486,3
2082,-17.857015,250,0,0.5180486,0
2083,16.375099,31,1,0.5180486,1
2084,22.313123,44,1,0.5180486,2
2085,28.273297,15,1,0.5180486,3
2086,21.608506,112,1,0.5180486,4
2087,-23.660797,250,0,0.5180486,0
2088,29.628207,12,1,0.5180486,1
2089,22.165964,88,1,0.5180486,2
2090,7.566647,205,1,0.5180486,3
2091,27.270082,10,1,0.5180486,4
2092,-38.301541,250,0,0.5180486,0
2093,26.907756,9,1,0.5180486,1
2094,29.417546,25,1,0.5180486,2
2095,-27.824266,250,0,0.5180486,0
2096,-51.279644,250,0,0.5180486,0
2097,25.369853,30,1,0.5180486,1
2098,-26.14499,250,0,0.5180486,0
2099,27.233358,21,1,0.5180486,1
2100,-95.446103,250,0,0.5180486,0
2101,-17.205506,250,0,0.5180486,0
2102,30.111144,23,1,0.5180486,1
2103,30.07295,9,1,0.5180486,2
2104,16.773733,40,1,0.5180486,3
2105,20.893318,53,1,0.5180486,4
2106,18.084111,120,1,0.5180486,0
2107,-18.175271,250,0,0.5180486,0
2108,29.998088,16,1,0.5180486,1
2109,28.374191,39,1,0.5180486,2
2110,5.268642,248,1,0.5180486,3
2111,30.510508,16,1,0.5180486,4
2112,-10.592889,250,0,0.5180486,0
2113,-216.658354,250,0,0.5180486,0
2114,25.657861,34,1,0.5180486,1
2115,25.16731,13,1,0.5180486,2
2116,22.490389,44,1,0.5180486,3
2117,-134.235263,250,0,0.5180486,0
2118,-17.477716,250,0,0.5180486,0
2119,-23.230626,250,0,0.5180486,0
2120,-36.002747,250,0,0.5180486,0
2121,6.355616,66,1,0.5180486,1
2122,25.102757,68,1,0.5180486,2
2123,-30.834753,250,0,0.5180486,0
2124,25.77821,7,1,0.5180486,1
2125,27.058287,47,1,0.5180486,2
2126,30.156099,15,1,0.5180486,3
2127,22.379384,64,1,0.5180486,4
2128,21.720928,34,1,0.5180486,0
2129,26.613389,27,1,0.5180486,1
2130,30.419185,26,1,0.5180486,2
2131,-65.422432,250,0,0.5180486,0
2132,27.445176,25,1,0.5180486,1
2133,14.390617,35,1,0.5180486,2
2134,-12.038002,250,0,0.5180486,0
2135,19.84687,33,1,0.5180486,1
2136,7.899024,75,1,0.5180486,2
2137,-25.265537,250,0,0.5180486,0
2138,25.109536,18,1,0.5180486,1
2139,14.505108,210,1,0.5180486,2
2140,-34.406102,250,0,0.5180486,0
2141,-33.616445,250,0,0.5180486,0
2142,25.790273,64,1,0.5180486,1
2143,29.457999,24,1,0.5180486,2
2144,30.329106,18,1,0.5180486,3
2145,26.565446,10,1,0.5180486,4
2146,-18.917172,250,0,0.5180486,0
2147,18.624501,87,1,0.5180486,1
2148,21.731133,17,1,0.5180486,2
2149,29.201009,17,1,0.5180486,3
2150,24.675813,3,1,0.5180486,4
2151,22.347065,41,1,0.5180486,0
2152,30.365899,21,1,0.5180486,1
2153,29.178598,16,1,0.5180486,2
2154,-48.695901,250,0,0.5180486,0
2155,10.631243,250,1,0.5180486,1
2156,-90.725022,250,0,0.5180486,0
2157,-177.779559,250,0,0.5180486,0
2158,-18.035514,250,0,0.5180486,0
2159,27.09506,13,1,0.5180486,1
2160,-41.124255,250,0,0.5180486,0
2161,27.84055,6,1,0.5180486,1
2162,-39.59972,250,0,0.5180486,0
2163,19.762294,130,1,0.5180486,1
2164,-4.228516,166,1,0.5180486,2
2165,-25.829841,250,0,0.5180486,0
2166,23.878816,87,1,0.5180486,1
2167,23.361285,50,1,0.5180486,2
2168,-59.910256,250,0,0.5180486,0
2169,-17.47691,250,0,0.5180486,0
2170,-18.641558,250,0,0.5180486,0
2171,26.251379,38,1,0.5180486,1
2172,29.35942,11,1,0.5180486,2
2173,-38.305379,250,0,0.5180486,0
2174,2.221984,66,1,0.5180486,1
2175,30.411179,21,1,0.5180486,2
2176,29.428318,23,1,0.5180486,3
2177,-16.420926,250,0,0.5180486,0
2178,28.133176,20,1,0.5180486,1
2179,29.630429,44,1,0.5180486,2
2180,27.288782,29,1,0.5180486,3
2181,-34.142581,250,0,0.5180486,0
2182,-14.46483,250,0,0.5180486,0
2183,22.705989,34,1,0.5180486,1
2184,28.825461,17,1,0.5180486,2
2185,-37.49994,250,0,0.5180486,0
2186,19.047583,156,1,0.5180486,1
2187,27.654917,4,1,0.5180486,2
2188,-11.417067,250,0,0.5180486,0
2189,-55.574737,134,1,0.5180486,1
2190,21.366219,28,1,0.5180486,2
2191,30.183265,18,1,0.5180486,3
2192,26.565129,24,1,0.5180486,4
2193,28.115981,20,1,0.5180486,0
2194,-17.45481,250,0,0.5180486,0
2195,-14.969676,250,0,0.5180486,0
2196,3.457061,49,1,0.5180486,1
2197,-33.119063,250,0,0.5180486,0
2198,-28.091897,250,0,0.5180486,0
2199,-29.217901,250,0,0.5180486,0
2200,-15.97203,250,0,0.5180486,0
2201,-20.987106,250,0,0.5180486,0
2202,12.214355,39,1,0.5180486,1
2203,26.539776,22,1,0.5180486,2
2204,26.772258,19,1,0.5180486,3
2205,-22.130793,250,0,0.5180486,0
2206,17.901868,128,1,0.5180486,1
2207,-23.847576,250,0,0.5180486,0
2208,-59.3428,250,0,0.5180486,0
2209,30.121495,27,1,0.5180486,1
2210,25.611811,15,1,0.5180486,2
2211,16.473425,140,1,0.5180486,3
2212,-15.695626,250,0,0.5180486,0
2213,24.337102,26,1,0.5180486,1
2214,-11.508473,152,1,0.5180486,2
2215,9.444743,24,1,0.5180486,3
2216,-22.931246,250,0,0.5180486,0
2217,29.878424,20,1,0.5180486,1
2218,-41.762161,250,0,0.5180486,0
2219,-13.711178,250,0,0.5180486,0
2220,-69.458891,250,0,0.5180486,0
2221,28.219484,17,1,0.5180486,1
2222,-225.584817,250,0,0.5180486,0
2223,25.241171,31,1,0.5180486,1
2224,-20.429906,250,0,0.5180486,0
2225,-34.547734,250,0,0.5180486,0
2226,30.631569,12,1,0.5180486,1
2227,-20.059188,250,0,0.5180486,0
2228,-15.488305,250,0,0.5180486,0
2229,26.246281,52,1,0.5180486,1
2230,29.801913,20,1,0.5180486,2
2231,18.867562,28,1,0.5180486,3
2232,-41.163178,250,0,0.5180486,0
2233,-29.077781,250,0,0.5180486,0
2234,27.337268,33,1,0.5180486,1
2235,28.561403,36,1,0.5180486,2
2236,28.273084,26,1,0.5180486,3
2237,30.878865,17,1,0.5180486,4
2238,7.2017,148,1,0.5180486,0
2239,-29.440054,250,0,0.5180486,0
2240,-22.183336,250,0,0.5180486,0
2241,18.675626,23,1,0.5180486,1
2242,29.833144,16,1,0.5180486,2
2243,-25.521478,250,0,0.5180486,0
2244,29.186345,15,1,0.5180486,1
2245,6.712166,48,1,0.5180486,2
2246,26.826471,41,1,0.5180486,3
2247,25.723808,22,1,0.5180486,4
2248,24.889819,59,1,0.5180486,0
2249,29.72652,20,1,0.5180486,1
2250,28.55386,26,1,0.5180486,2
2251,13.313748,204,1,0.5180486,3
2252,-3.365711,240,1,0.5180486,4
2253,15.082166,218,1,0.5180486,0
2254,27.642219,20,1,0.5180486,1
2255,29.043573,23,1,0.5180486,2
2256,-14.941784,250,0,0.5180486,0
2257,25.47177,39,1,0.5180486,1
2258,29.886543,20,1,0.5180486,2
2259,22.755854,39,1,0.5180486,3
2260,-28.23563,250,0,0.5180486,0
2261,-26.1055,250,0,0.5180486,0
2262,-91.260541,250,0,0.5180486,0
2263,-11.249215,250,0,0.5180486,0
2264,26.434055,40,1,0.5180486,1
2265,1.814693,140,1,0.5180486,2
2266,27.275182,70,1,0.5180486,3
2267,30.175211,20,1,0.5180486,4
2268,-31.149672,157,1,0.5180486,0
2269,25.253342,1,1,0.5180486,1
2270,27.739408,16,1,0.5180486,2
2271,-10.143964,250,0,0.5180486,0
2272,-15.605326,250,0,0.5180486,0
2273,25.624845,28,1,0.5180486,1
2274,20.259608,74,1,0.5180486,2
2275,-93.016125,250,0,0.5180486,0
2276,-18.30431,250,0,0.5180486,0
2277,-116.630529,250,0,0.5180486,0
2278,-21.197838,250,0,0.5180486,0
2279,27.856943,28,1,0.5180486,1
2280,24.851671,8,1,0.5180486,2
2281,23.731797,56,1,0.5180486,3
2282,26.063107,2,1,0.5180486,4
2283,31.051221,16,1,0.5180486,0
2284,-81.432782,250,0,0.5180486,0
2285,-21.595451,250,0,0.5180486,0
2286,-88.007573,250,0,0.5180486,0
2287,-132.464574,250,0,0.5180486,0
2288,24.665369,17,1,0.5180486,1
2289,-11.730455,250,0,0.5180486,0
2290,-20.270397,250,0,0.5180486,0
2291,-35.376463,250,0,0.5180486,0
2292,27.562921,11,1,0.5180486,1
2293,23.165995,44,1,0.5180486,2
2294,25.641724,46,1,0.5180486,3
2295,-10.846031,250,0,0.5180486,0
2296,-27.125712,250,0,0.5180486,0
2297,16.732948,23,1,0.5180486,1
2298,20.396977,58,1,0.5180486,2
2299,3.278906,209,1,0.5180486,3
2300,20.308308,75,1,0.5180486,4
2301,27.399154,26,1,0.5180486,0
2302,27.900174,11,1,0.5180486,1
2303,-38.326934,250,0,0.5180486,0
2304,-44.859893,250,0,0.5180486,0
2305,16.427514,182,1,0.5180486,1
2306,-28.165985,250,0,0.5180486,0
2307,-11.8094,250,0,0.5180486,0
2308,31.235825,18,1,0.5180486,1
2309,-84.733249,250,0,0.5180486,0
2310,28.518428,27,1,0.5180486,1
2311,-22.894083,250,0,0.5180486,0
2312,24.462227,29,1,0.5180486,1
2313,27.448616,6,1,0.5180486,2
2314,-26.854634,250,0,0.5180486,0
2315,-23.446858,250,0,0.5180486,0
2316,-20.21969,250,0,0.5180486,0
2317,-21.443161,250,0,0.5180486,0
2318,30.226665,17,1,0.5180486,1
2319,-33.553834,250,0,0.5180486,0
2320,28.153623,19,1,0.5180486,1
2321,30.141706,16,1,0.5180486,2
2322,-24.713991,250,0,0.5180486,0
2323,23.839352,57,1,0.5180486,1
2324,25.086175,3,1,0.5180486,2
2325,25.299781,29,1,0.5180486,3
2326,-19.113573,61,1,0.5180486,4
2327,6.461461,104,1,0.5180486,0
2328,29.788559,23,1,0.5180486,1
2329,25.648875,53,1,0.5180486,2
2330,-14.632284,250,0,0.5180486,0
2331,-37.333092,250,0,0.5180486,0
2332,-14.954834,250,0,0.5180486,0
2333,-196.673436,250,0,0.5180486,0
2334,-1.198961,158,1,0.5180486,1
2335,29.485335,29,1,0.5180486,2
2336,8.992912,190,1,0.5180486,3
2337,22.83168,44,1,0.5180486,4
2338,24.670108,19,1,0.5180486,0
2339,-109.728715,250,0,0.5180486,0
2340,27.758406,6,1,0.5180486,1
2341,22.912373,95,1,0.5180486,2
2342,26.952316,38,1,0.5180486,3
2343,-33.567811,250,0,0.5180486,0
2344,13.691175,37,1,0.5180486,1
2345,29.67378,31,1,0.5180486,2
2346,21.291235,82,1,0.5180486,3
2347,23.166402,40,1,0.5180486,4
2348,26.660221,18,1,0.5180486,0
2349,19.358777,100,1,0.5180486,1
2350,-12.391027,250,0,0.5180486,0
2351,31.812998,19,1,0.5180486,1
2352,10.491969,195,1,0.5180486,2
2353,-22.075382,250,0,0.5180486,0
2354,-33.32613,181,1,0.5180486,1
2355,-28.073533,250,0,0.5180486,0
2356,-22.888189,250,0,0.5180486,0
2357,29.390698,13,1,0.5180486,1
2358,-15.290188,250,0,0.5180486,0
2359,30.37273,21,1,0.5180486,1
2360,16.102629,160,1,0.5180486,2
2361,27.887387,50,1,0.5180486,3
2362,30.276328,18,1,0.5180486,4
2363,-25.10357,250,0,0.5180486,0
2364,-28.365102,250,0,0.5180486,0
2365,-21.744823,250,0,0.5180486,0
2366,22.97913,23,1,0.5180486,1
2367,21.94993,75,1,0.5180486,2
2368,29.268509,21,1,0.5180486,3
2369,-17.983413,250,0,0.5180486,0
2370,27.104761,32,1,0.5180486,1
2371,30.347571,24,1,0.5180486,2
2372,30.825704,23,1,0.5180486,3
2373,19.24406,40,1,0.5180486,4
2374,18.208392,181,1,0.5180486,0
2375,-271.841143,250,0,0.5180486,0
2376,29.045723,10,1,0.5180486,1
2377,-14.436734,250,0,0.5180486,0
2378,28.885303,8,1,0.5180486,1
2379,-23.402864,250,0,0.5180486,0
2380,31.175691,14,1,0.5180486,1
2381,29.223398,33,1,0.5180486,2
2382,26.715382,8,1,0.5180486,3
2383,29.016191,19,1,0.5180486,4
2384,-13.950066,250,0,0.5180486,0
2385,-29.629683,250,0,0.5180486,0
2386,-14.880722,250,0,0.5180486,0
2387,-43.607432,250,0,0.5180486,0
2388,-131.618024,250,0,0.5180486,0
2389,10.085954,34,1,0.5180486,1
2390,28.734993,29,1,0.5180486,2
2391,29.714535,12,1,0.5180486,3
2392,-19.450766,250,0,0.5180486,0
2393,25.487745,31,1,0.5180486,1
2394,30.079096,9,1,0.5180486,2
2395,28.156419,27,1,0.5180486,3
2396,8.61327,83,1,0.5180486,4
2397,28.182525,35,1,0.5180486,0
2398,24.798097,44,1,0.5180486,1
2399,-31.327746,250,0,0.5180486,0
2400,-119.812988,250,0,0.5180486,0
2401,18.249324,111,1,0.5180486,1
2402,-57.995308,250,0,0.5180486,0
2403,18.503581,82,1,0.5180486,1
2404,-21.330401,250,0,0.5180486,0
2405,27.518907,21,1,0.5180486,1
2406,26.191245,28,1,0.5180486,2
2407,28.498772,19,1,0.5180486,3
2408,14.297988,197,1,0.5180486,4
2409,-26.011401,250,0,0.5180486,0
2410,28.469802,19,1,0.5180486,1
2411,27.901196,23,1,0.5180486,2
2412,29.827704,10,1,0.5180486,3
2413,13.67774,107,1,0.5180486,4
2414,-17.470828,250,0,0.5180486,0
2415,-55.342931,250,0,0.5180486,0
2416,23.492427,30,1,0.5180486,1
2417,28.622848,24,1,0.5180486,2
2418,27.929322,20,1,0.5180486,3
2419,21.898298,46,1,0.5180486,4
2420,-17.479725,250,0,0.5180486,0
2421,-83.798482,250,0,0.5180486,0
2422,-14.877329,230,1,0.5180486,1
2423,27.640722,5,1,0.5180486,2
2424,-19.686064,250,0,0.5180486,0
2425,-38.139897,250,0,0.5180486,0
2426,-28.761702,250,0,0.5180486,0
2427,18.852746,126,1,0.5180486,1
2428,27.588644,34,1,0.5180486,2
2429,-32.671876,250,0,0.5180486,0
2430,31.471446,12,1,0.5180486,1
2431,25.811401,33,1,0.5180486,2
2432,24.49268,44,1,0.5180486,3
2433,19.346637,44,1,0.5180486,4
2434,24.412767,32,1,0.5180486,0
2435,30.566358,22,1,0.5180486,1
2436,-20.504777,250,0,0.5180486,0
2437,16.48013,185,1,0.5180486,1
2438,27.253752,22,1,0.5180486,2
2439,9.01579,195,1,0.5180486,3
2440,24.455246,15,1,0.5180486,4
2441,27.307055,32,1,0.5180486,0
2442,24.650095,24,1,0.5180486,1
2443,-23.073195,250,0,0.5180486,0
2444,-138.277574,250,0,0.5180486,0
2445,-19.214805,250,0,0.5180486,0
2446,-17.333858,250,0,0.5180486,0
2447,26.335156,13,1,0.5180486,1
2448,-23.745245,250,0,0.5180486,0
2449,-18.525289,250,0,0.5180486,0
2450,-24.769867,250,0,0.5180486,0
2451,13.151173,57,1,0.5180486,1
2452,-20.969459,250,0,0.5180486,0
2453,10.49117,182,1,0.5180486,1
2454,2.60551,58,1,0.5180486,2
2455,-16.904115,250,0,0.5180486,0
2456,28.907067,31,1,0.5180486,1
2457,-16.010287,250,0,0.5180486,0
2458,-16.901778,250,0,0.5180486,0
2459,30.015601,20,1,0.5180486,1
2460,-17.041549,250,0,0.5180486,0
2461,-21.627313,250,0,0.5180486,0
2462,-27.440664,250,0,0.5180486,0
2463,19.606853,139,1,0.5180486,1
2464,32.145375,13,1,0.5180486,2
2465,-5.580107,67,1,0.5180486,3
2466,-9.482271,250,0,0.5180486,0
2467,14.795449,36,1,0.5180486,1
2468,14.450372,36,1,0.5180486,2
2469,24.085133,89,1,0.5180486,3
2470,-20.019326,250,0,0.5180486,0
2471,29.550287,18,1,0.5180486,1
2472,-16.812474,250,0,0.5180486,0
2473,28.355793,24,1,0.5180486,1
2474,25.769338,32,1,0.5180486,2
2475,23.477984,63,1,0.5180486,3
2476,31.150804,10,1,0.5180486,4
2477,24.195943,28,1,0.5180486,0
2478,-25.103064,250,0,0.5180486,0
2479,25.730071,31,1,0.5180486,1
2480,-33.796572,250,0,0.5180486,0
2481,13.132013,81,1,0.5180486,1
2482,-58.834428,250,0,0.5180486,0
2483,29.576187,15,1,0.5180486,1
2484,-22.064769,250,0,0.5180486,0
2485,29.934673,24,1,0.5180486,1
2486,29.284035,22,1,0.5180486,2
2487,-32.643056,250,0,0.5180486,0
2488,28.188785,5,1,0.5180486,1
2489,-17.686609,250,0,0.5180486,0
2490,27.274142,42,1,0.5180486,1
2491,25.872059,6,1,0.5180486,2
2492,27.287979,9,1,0.5180486,3
2493,-16.053251,250,0,0.5180486,0
2494,-11.756164,250,0,0.5180486,0
2495,29.941295,11,1,0.5180486,1
2496,-20.035729,250,0,0.5180486,0
2497,31.297972,15,1,0.5180486,1
2498,-41.895557,250,0,0.5180486,0
2499,31.223802,16,1,0.5180486,1
2500,28.882615,11,1,0.5180486,2
2501,27.237465,15,1,0.5180486,3
2502,30.961578,17,1,0.5180486,4
2503,-15.046941,250,0,0.5180486,0
2504,-29.257052,250,0,0.5180486,0
2505,28.848964,22,1,0.5180486,1
2506,-41.575142,250,0,0.5180486,0
2507,-25.099944,250,0,0.5180486,0
2508,18.894787,75,1,0.5180486,1
2509,27.836784,35,1,0.5180486,2
2510,29.065577,16,1,0.5180486,3
2511,25.85132,8,1,0.5180486,4
2512,29.471327,27,1,0.5180486,0
2513,14.825626,168,1,0.5180486,1
2514,25.558082,56,1,0.5180486,2
2515,23.610433,101,1,0.5180486,3
2516,-30.48991,250,0,0.5180486,0
2517,25.225167,40,1,0.5180486,1
2518,-28.414873,250,0,0.5180486,0
2519,27.462256,23,1,0.5180486,1
2520,5.006281,65,1,0.5180486,2
2521,22.194804,71,1,0.5180486,3
2522,28.096567,15,1,0.5180486,4
2523,31.55438,16,1,0.5180486,0
2524,-155.926964,250,0,0.5180486,0
2525,24.810584,31,1,0.5180486,1
2526,-13.631516,250,0,0.5180486,0
2527,30.10674,10,1,0.5180486,1
2528,23.903609,54,1,0.5180486,2
2529,25.835766,28,1,0.5180486,3
2530,26.59603,12,1,0.5180486,4
2531,9.75435,51,1,0.5180486,0
2532,0.672418,53,1,0.5180486,1
2533,26.579261,34,1,0.5180486,2
2534,26.52286,24,1,0.5180486,3
2535,-224.316068,250,0,0.5180486,0
2536,25.0494,30,1,0.5180486,1
2537,-22.103259,250,0,0.5180486,0
2538,-16.355647,250,0,0.5180486,0
2539,28.289685,19,1,0.5180486,1
2540,-16.486887,250,0,0.5180486,0
2541,18.263291,113,1,0.5180486,1
2542,-18.651453,250,0,0.5180486,0
2543,25.597701,24,1,0.5180486,1
2544,-12.573431,250,0,0.5180486,0
2545,30.511542,19,1,0.5180486,1
2546,13.707947,209,1,0.5180486,2
2547,30.668321,18,1,0.5180486,3
2548,-16.011075,250,0,0.5180486,0
2549,20.769197,19,1,0.5180486,1
2550,-17.821246,250,0,0.5180486,0
2551,-37.959218,250,0,0.5180486,0
2552,-25.126445,250,0,0.5180486,0
2553,30.799861,20,1,0.5180486,1
2554,22.484897,22,1,0.5180486,2
2555,29.72471,25,1,0.5180486,3
2556,26.135439,11,1,0.5180486,4
2557,13.147294,250,1,0.5180486,0
2558,30.809172,19,1,0.5180486,1
2559,23.22776,101,1,0.5180486,2
2560,30.745395,11,1,0.5180486,3
2561,30.794538,16,1,0.5180486,4
2562,-14.593214,250,0,0.5180486,0
2563,28.621492,25,1,0.5180486,1
2564,28.255895,52,1,0.5180486,2
2565,-17.001846,250,0,0.5180486,0
2566,23.524538,39,1,0.5180486,1
2567,26.425693,17,1,0.5180486,2
2568,11.215784,204,1,0.5180486,3
2569,14.37385,68,1,0.5180486,4
2570,29.306519,11,1,0.5180486,0
2571,-13.878838,250,0,0.5180486,0
2572,24.955746,30,1,0.5180486,1
2573,27.666182,13,1,0.5180486,2
2574,29.077599,23,1,0.5180486,3
2575,-24.188533,250,0,0.5180486,0
2576,26.947573,60,1,0.5180486,1
2577,-21.753223,250,0,0.5180486,0
2578,27.73586,27,1,0.5180486,1
2579,-9.670312,250,0,0.5180486,0
2580,-28.703009,250,0,0.5180486,0
2581,29.297479,26,1,0.5180486,1
2582,24.65069,20,1,0.5180486,2
2583,26.703178,58,1,0.5180486,3
2584,-20.688049,250,0,0.5180486,0
2585,25.992083,29,1,0.5180486,1
2586,29.165632,25,1,0.5180486,2
2587,-18.257597,250,0,0.5180486,0
2588,-33.262322,250,0,0.5180486,0
2589,-14.908679,250,0,0.5180486,0
2590,-14.136886,250,0,0.5180486,0
2591,-22.561375,250,0,0.5180486,0
2592,-24.793611,250,0,0.5180486,0
2593,-25.401427,250,0,0.5180486,0
2594,6.62104,111,1,0.5180486,1
2595,-15.69244,250,0,0.5180486,0
2596,-23.458738,250,0,0.5180486,0
2597,28.820021,18,1,0.5180486,1
2598,-24.763505,250,0,0.5180486,0
2599,26.991679,14,1,0.5180486,1
2600,-20.320373,250,0,0.5180486,0
2601,24.132004,60,1,0.5180486,1
2602,-21.071088,250,0,0.5180486,0
2603,-21.441475,250,0,0.5180486,0
2604,28.186469,44,1,0.5180486,1
2605,-22.580493,250,0,0.5180486,0
2606,27.53209,22,1,0.5180486,1
2607,12.27291,40,1,0.5180486,2
2608,21.097042,48,1,0.5180486,3
2609,29.677249,9,1,0.5180486,4
2610,-16.228921,250,0,0.5180486,0
2611,-12.95713,250,0,0.5180486,0
2612,-49.155889,250,0,0.5180486,0
2613,-44.812594,250,0,0.5180486,0
2614,5.74769,66,1,0.5180486,1
2615,-23.242592,250,0,0.5180486,0
2616,27.226114,27,1,0.5180486,1
2617,-256.465729,250,0,0.5180486,0
2618,30.211927,20,1,0.5180486,1
2619,18.908929,30,1,0.5180486,2
2620,27.081296,58,1,0.5180486,3
2621,23.94959,47,1,0.5180486,4
2622,27.701514,21,1,0.5180486,0
2623,27.255423,28,1,0.5180486,1
2624,28.036432,23,1,0.5180486,2
2625,-21.003175,250,0,0.5180486,0
2626,-17.300785,250,0,0.5180486,0
2627,29.302457,30,1,0.5180486,1
2628,26.953905,24,1,0.5180486,2
2629,29.177429,32,1,0.5180486,3
2630,-57.073183,250,0,0.5180486,0
2631,13.560453,47,1,0.5180486,1
2632,-23.867141,250,0,0.5180486,0
2633,-15.861953,250,0,0.5180486,0
2634,-22.152375,250,0,0.5180486,0
2635,21.410593,142,1,0.5180486,1
2636,14.228315,132,1,0.5180486,2
2637,-15.421286,250,0,0.5180486,0
2638,25.593964,14,1,0.5180486,1
2639,30.365792,19,1,0.5180486,2
2640,30.419159,13,1,0.5180486,3
2641,-37.627998,250,0,0.5180486,0
2642,-16.492103,131,1,0.5180486,1
2643,-36.863889,189,1,0.5180486,2
2644,28.536666,19,1,0.5180486,3
2645,26.39111,23,1,0.5180486,4
2646,-11.690635,250,0,0.5180486,0
2647,30.770912,16,1,0.5180486,1
2648,25.394074,33,1,0.5180486,2
2649,-16.713395,250,0,0.5180486,0
2650,31.006112,15,1,0.5180486,1
2651,-9.986981,250,0,0.5180486,0
2652,28.001264,36,1,0.5180486,1
2653,-16.064524,250,0,0.5180486,0
2654,23.617334,27,1,0.5180486,1
2655,-15.391373,250,0,0.5180486,0
2656,-15.546522,250,0,0.5180486,0
2657,-13.536245,250,0,0.5180486,0
2658,28.133114,21,1,0.5180486,1
2659,-18.166769,250,0,0.5180486,0
2660,-10.547113,250,0,0.5180486,0
2661,-30.311885,250,0,0.5180486,0
2662,9.970406,51,1,0.5180486,1
2663,21.895568,73,1,0.5180486,2
2664,24.776302,31,1,0.5180486,3
2665,27.759606,41,1,0.5180486,4
2666,5.26474,64,1,0.5180486,0
2667,8.043534,59,1,0.5180486,1
2668,26.392756,38,1,0.5180486,2
2669,-18.666882,250,0,0.5180486,0
2670,27.140468,3,1,0.5180486,1
2671,29.021925,20,1,0.5180486,2
2672,-24.420145,250,0,0.5180486,0
2673,27.62903,25,1,0.5180486,1
2674,-202.060112,250,0,0.5180486,0
2675,28.513429,28,1,0.5180486,1
2676,-23.040621,250,0,0.5180486,0
2677,27.627518,23,1,0.5180486,1
2678,25.604677,23,1,0.5180486,2
2679,27.098679,31,1,0.5180486,3
2680,24.649803,29,1,0.5180486,4
2681,31.202344,18,1,0.5180486,0
2682,-21.225058,250,0,0.5180486,0
2683,-19.578121,250,0,0.5180486,0
2684,31.030763,18,1,0.5180486,1
2685,3.416866,53,1,0.5180486,2
2686,-16.648968,250,0,0.5180486,0
2687,-10.508693,250,0,0.5180486,0
2688,30.375006,17,1,0.5180486,1
2689,26.180198,2,1,0.5180486,2
2690,2.060881,150,1,0.5180486,3
2691,26.918185,7,1,0.5180486,4
2692,-4.660009,103,1,0.5180486,0
2693,-82.229367,250,0,0.5180486,0
2694,26.355935,15,1,0.5180486,1
2695,31.402003,13,1,0.5180486,2
2696,0.738241,58,1,0.5180486,3
2697,18.869694,87,1,0.5180486,4
2698,26.927569,23,1,0.5180486,0
2699,27.931377,22,1,0.5180486,1
2700,27.582258,7,1,0.5180486,2
2701,1.751623,78,1,0.5180486,3
2702,27.346714,35,1,0.5180486,4
2703,27.041509,57,1,0.5180486,0
2704,26.668984,35,1,0.5180486,1
2705,27.807895,52,1,0.5180486,2
2706,22.132088,22,1,0.5180486,3
2707,-11.542334,250,0,0.5180486,0
2708,23.037106,50,1,0.5180486,1
2709,27.94646,12,1,0.5180486,2
2710,28.214482,8,1,0.5180486,3
2711,-102.441642,250,0,0.5180486,0
2712,-26.277489,250,0,0.5180486,0
2713,29.3397,7,1,0.5180486,1
2714,-16.233792,250,0,0.5180486,0
2715,26.508797,47,1,0.5180486,1
2716,-52.343151,250,0,0.5180486,0
2717,-235.760383,250,0,0.5180486,0
2718,-21.752045,74,1,0.5180486,1
2719,-17.469771,250,0,0.5180486,0
2720,2.85062,66,1,0.5180486,1
2721,-8.464596,74,1,0.5180486,2
2722,12.758059,147,1,0.5180486,3
2723,27.181366,4,1,0.5180486,4
2724,-208.569754,250,0,0.5180486,0
2725,29.459068,25,1,0.5180486,1
2726,28.186969,53,1,0.5180486,2
2727,-19.585764,250,0,0.5180486,0
2728,26.801445,12,1,0.5180486,1
2729,26.123202,2,1,0.5180486,2
2730,21.869829,58,1,0.5180486,3
2731,-8.487812,52,1,0.5180486,4
2732,-29.542622,250,0,0.5180486,0
2733,-3.606642,58,1,0.5180486,1
2734,8.456331,181,1,0.5180486,2
2735,27.111908,39,1,0.5180486,3
2736,-15.651348,250,0,0.5180486,0
2737,-19.656764,250,0,0.5180486,0
2738,28.526912,11,1,0.5180486,1
2739,-27.168672,250,0,0.5180486,0
2740,27.816514,19,1,0.5180486,1
2741,-181.929475,250,0,0.5180486,0
2742,-15.146894,250,0,0.5180486,0
2743,-38.832423,250,0,0.5180486,0
2744,8.542951,54,1,0.5180486,1
2745,29.359377,19,1,0.5180486,2
2746,27.882971,4,1,0.5180486,3
2747,22.947459,46,1,0.5180486,4
2748,28.142349,23,1,0.5180486,0
2749,-17.847272,250,0,0.5180486,0
2750,21.348712,46,1,0.5180486,1
2751,26.676471,37,1,0.5180486,2
2752,-23.142143,250,0,0.5180486,0
2753,-31.126271,85,1,0.5180486,1
2754,-28.033196,250,0,0.5180486,0
2755,-21.873317,250,0,0.5180486,0
2756,29.322135,24,1,0.5180486,1
2757,27.177549,15,1,0.5180486,2
2758,-43.369383,250,0,0.5180486,0
2759,28.934491,49,1,0.5180486,1
2760,28.742391,25,1,0.5180486,2
2761,18.674487,39,1,0.5180486,3
2762,16.324512,57,1,0.5180486,4
2763,27.381193,18,1,0.5180486,0
2764,-18.213497,250,0,0.5180486,0
2765,22.992531,39,1,0.5180486,1
2766,-20.683977,250,0,0.5180486,0
2767,31.334795,16,1,0.5180486,1
2768,27.033416,27,1,0.5180486,2
2769,-38.695157,250,0,0.5180486,0
2770,-20.506113,250,0,0.5180486,0
2771,26.60176,28,1,0.5180486,1
2772,-13.547501,250,0,0.5180486,0
2773,-34.944135,250,0,0.5180486,0
2774,28.004324,35,1,0.5180486,1
2775,25.921543,12,1,0.5180486,2
2776,22.093927,34,1,0.5180486,3
2777,30.962463,13,1,0.5180486,4
2778,26.534275,21,1,0.5180486,0
2779,28.518292,25,1,0.5180486,1
2780,-11.454259,250,0,0.5180486,0
2781,-12.252972,250,0,0.5180486,0
2782,27.647429,22,1,0.5180486,1
2783,29.496819,35,1,0.5180486,2
2784,28.408501,13,1,0.5180486,3
2785,21.207026,48,1,0.5180486,4
2786,28.308838,50,1,0.5180486,0
2787,17.083209,43,1,0.5180486,1
2788,28.644491,41,1,0.5180486,2
2789,-43.154892,250,0,0.5180486,0
2790,27.101338,31,1,0.5180486,1
2791,25.047059,24,1,0.5180486,2
2792,16.789203,216,1,0.5180486,3
2793,-7.395626,77,1,0.5180486,4
2794,14.882995,219,1,0.5180486,0
2795,28.417387,15,1,0.5180486,1
2796,30.574331,13,1,0.5180486,2
2797,30.314572,13,1,0.5180486,3
2798,29.857101,16,1,0.5180486,4
2799,26.536029,29,1,0.5180486,0
2800,29.464206,24,1,0.5180486,1
2801,-80.834072,250,0,0.5180486,0
2802,29.120492,20,1,0.5180486,1
2803,-38.979395,250,0,0.5180486,0
2804,27.713265,52,1,0.5180486,1
2805,25.082847,28,1,0.5180486,2
2806,-40.974122,250,0,0.5180486,0
2807,27.686153,35,1,0.5180486,1
2808,-109.214158,250,0,0.5180486,0
2809,-17.567076,250,0,0.5180486,0
2810,29.2076,25,1,0.5180486,1
2811,29.292833,19,1,0.5180486,2
2812,-14.988192,250,0,0.5180486,0
2813,-13.33994,250,0,0.5180486,0
2814,26.461394,24,1,0.5180486,1
2815,-15.933123,250,0,0.5180486,0
2816,-294.876185,250,0,0.5180486,0
2817,-3.107076,83,1,0.5180486,1
2818,20.109274,58,1,0.5180486,2
2819,12.06456,66,1,0.5180486,3
2820,-22.333312,250,0,0.5180486,0
2821,30.083537,10,1,0.5180486,1
2822,-16.433642,250,0,0.5180486,0
2823,-26.160355,250,0,0.5180486,0
2824,25.256905,32,1,0.5180486,1
2825,-16.395141,250,0,0.5180486,0
2826,-7.812637,75,1,0.5180486,1
2827,30.391079,24,1,0.5180486,2
2828,23.378976,52,1,0.5180486,3
2829,28.002792,13,1,0.5180486,4
2830,10.392851,37,1,0.5180486,0
2831,-14.354397,250,0,0.5180486,0
2832,-25.621367,250,0,0.5180486,0
2833,17.931511,217,1,0.5180486,1
2834,26.734666,46,1,0.5180486,2
2835,28.227891,49,1,0.5180486,3
2836,-26.240193,250,0,0.5180486,0
2837,-22.871125,250,0,0.5180486,0
2838,-17.765476,250,0,0.5180486,0
2839,28.199256,15,1,0.5180486,1
2840,29.397458,21,1,0.5180486,2
2841,-12.654606,250,0,0.5180486,0
2842,-21.137189,250,0,0.5180486,0
2843,-29.408395,250,0,0.5180486,0
2844,-17.126321,250,0,0.5180486,0
2845,-45.168937,250,0,0.5180486,0
2846,27.435176,60,1,0.5180486,1
2847,-34.03547,250,0,0.5180486,0
2848,21.73953,72,1,0.5180486,1
2849,12.979592,54,1,0.5180486,2
2850,26.448388,15,1,0.5180486,3
2851,29.361063,16,1,0.5180486,4
2852,26.508573,37,1,0.5180486,0
2853,24.626938,39,1,0.5180486,1
2854,25.625282,29,1,0.5180486,2
2855,-71.247176,250,0,0.5180486,0
2856,-11.250885,250,0,0.5180486,0
2857,23.987641,51,1,0.5180486,1
2858,26.438857,40,1,0.5180486,2
2859,26.813997,22,1,0.5180486,3
2860,25.291338,44,1,0.5180486,4
2861,-18.363052,250,0,0.5180486,0
2862,23.902447,28,1,0.5180486,1
2863,23.631128,8,1,0.5180486,2
2864,25.85521,4,1,0.5180486,3
2865,-37.338836,250,0,0.5180486,0
2866,-13.871383,250,0,0.5180486,0
2867,27.42296,21,1,0.5180486,1
2868,-59.297366,250,0,0.5180486,0
2869,29.865008,19,1,0.5180486,1
2870,29.42005,11,1,0.5180486,2
2871,-25.768767,250,0,0.5180486,0
2872,10.690085,66,1,0.5180486,1
2873,29.362271,29,1,0.5180486,2
2874,23.034846,49,1,0.5180486,3
2875,10.623833,50,1,0.5180486,4
2876,-30.728434,250,0,0.5180486,0
2877,20.994974,19,1,0.5180486,1
2878,11.842138,57,1,0.5180486,2
2879,-28.362806,250,0,0.5180486,0
2880,-9.399595,82,1,0.5180486,1
2881,-27.84034,250,0,0.5180486,0
2882,-19.149673,250,0,0.5180486,0
2883,7.511328,56,1,0.5180486,1
2884,-22.276028,250,0,0.5180486,0
2885,28.059356,30,1,0.5180486,1
2886,27.576875,16,1,0.5180486,2
2887,-18.017526,250,0,0.5180486,0
2888,-15.753226,250,0,0.5180486,0
2889,-115.221368,250,0,0.5180486,0
2890,28.298531,24,1,0.5180486,1
2891,-17.003449,250,0,0.5180486,0
2892,17.705776,36,1,0.5180486,1
2893,19.006447,31,1,0.5180486,2
2894,-33.113236,250,0,0.5180486,0
2895,21.021201,77,1,0.5180486,1
2896,-13.583238,250,0,0.5180486,0
2897,26.183035,30,1,0.5180486,1
2898,-82.174061,250,0,0.5180486,0
2899,29.957932,21,1,0.5180486,1
2900,-32.565651,250,0,0.5180486,0
2901,4.025382,181,1,0.5180486,1
2902,-17.689506,250,0,0.5180486,0
2903,-20.285274,250,0,0.5180486,0
2904,27.556228,33,1,0.5180486,1
2905,30.763264,23,1,0.5180486,2
2906,11.455289,216,1,0.5180486,3
2907,28.090132,23,1,0.5180486,4
2908,29.134777,9,1,0.5180486,0
2909,-13.516041,250,0,0.5180486,0
2910,-14.405727,250,0,0.5180486,0
2911,26.471019,23,1,0.5180486,1
2912,24.597724,24,1,0.5180486,2
2913,-3.562145,74,1,0.5180486,3
2914,-59.419341,250,0,0.5180486,0
2915,-14.542159,250,0,0.5180486,0
2916,24.033087,56,1,0.5180486,1
2917,-20.103969,250,0,0.5180486,0
2918,27.581706,24,1,0.5180486,1
2919,26.787213,15,1,0.5180486,2
2920,-21.039356,250,0,0.5180486,0
2921,30.309829,17,1,0.5180486,1
2922,29.859782,20,1,0.5180486,2
2923,31.00972,28,1,0.5180486,3
2924,-41.794154,250,0,0.5180486,0
2925,26.240078,21,1,0.5180486,1
2926,-11.025655,250,0,0.5180486,0
2927,27.030949,30,1,0.5180486,1
2928,11.120001,42,1,0.5180486,2
2929,29.886269,24,1,0.5180486,3
2930,30.856717,13,1,0.5180486,4
2931,29.70195,21,1,0.5180486,0
2932,24.701558,15,1,0.5180486,1
2933,9.683071,59,1,0.5180486,2
2934,-43.845968,250,0,0.5180486,0
2935,-20.413027,250,0,0.5180486,0
2936,25.916346,63,1,0.5180486,1
2937,27.992755,34,1,0.5180486,2
2938,27.930307,63,1,0.5180486,3
2939,27.85401,21,1,0.5180486,4
2940,29.207528,20,1,0.5180486,0
2941,-15.467017,250,0,0.5180486,0
2942,24.795284,15,1,0.5180486,1
2943,-4.595736,80,1,0.5180486,2
2944,25.182953,49,1,0.5180486,3
2945,-24.558443,250,0,0.5180486,0
2946,-18.43666,250,0,0.5180486,0
2947,-36.070383,250,0,0.5180486,0
2948,27.040468,30,1,0.5180486,1
2949,26.708377,52,1,0.5180486,2
2950,28.888558,25,1,0.5180486,3
2951,28.486494,14,1,0.5180486,4
2952,-16.8557,250,0,0.5180486,0
2953,-11.584536,250,0,0.5180486,0
2954,-33.095672,250,0,0.5180486,0
2955,26.482897,19,1,0.5180486,1
2956,14.838308,176,1,0.5180486,2
2957,-21.549612,250,0,0.5180486,0
2958,-20.207105,250,0,0.5180486,0
2959,-18.593418,250,0,0.5180486,0
2960,-33.371139,250,0,0.5180486,0
2961,-203.667065,250,0,0.5180486,0
2962,28.728888,33,1,0.5180486,1
2963,-43.289161,92,1,0.5180486,2
2964,30.185547,14,1,0.5180486,3
2965,-13.69932,250,0,0.5180486,0
2966,-12.169234,250,0,0.5180486,0
2967,25.060018,27,1,0.5180486,1
2968,27.459751,33,1,0.5180486,2
2969,29.739287,19,1,0.5180486,3
2970,22.821218,14,1,0.5180486,4
2971,17.513009,174,1,0.5180486,0
2972,19.770665,42,1,0.5180486,1
2973,26.930867,27,1,0.5180486,2
2974,-15.752358,250,0,0.5180486,0
2975,19.617398,53,1,0.5180486,1
2976,-65.140676,250,0,0.5180486,0
2977,-10.391127,250,0,0.5180486,0
2978,-19.661829,250,0,0.5180486,0
2979,25.444351,35,1,0.5180486,1
2980,25.861675,40,1,0.5180486,2
2981,28.158549,33,1,0.5180486,3
2982,26.065451,33,1,0.5180486,4
2983,28.800456,42,1,0.5180486,0
2984,28.086691,29,1,0.5180486,1
2985,28.879864,19,1,0.5180486,2
2986,-22.454486,250,0,0.5180486,0
2987,-28.181629,250,0,0.5180486,0
2988,-21.650328,250,0,0.5180486,0
2989,28.945011,28,1,0.5180486,1
2990,18.577239,59,1,0.5180486,2
2991,-26.340904,250,0,0.5180486,0
2992,29.650154,20,1,0.5180486,1
2993,-29.443673,250,0,0.5180486,0
2994,-13.314631,250,0,0.5180486,0
2995,-10.735977,250,0,0.5180486,0
2996,24.025359,54,1,0.5180486,1
2997,-21.261799,250,0,0.5180486,0
2998,11.36539,61,1,0.5180486,1
2999,-3.529324,48,1,0.5180486,2
3000,29.585708,19,1,0.5180486,3
3001,-24.330145,250,0,0.5180486,0
3002,-180.989935,250,0,0.5180486,0
3003,-60.58923,250,0,0.5180486,0
3004,25.772458,9,1,0.5180486,1
3005,-16.132737,250,0,0.5180486,0
3006,25.909989,15,1,0.5180486,1
3007,18.731585,67,1,0.5180486,2
3008,30.4108,28,1,0.5180486,3
3009,29.66898,7,1,0.5180486,4
3010,24.762324,21,1,0.5180486,0
3011,-15.093042,250,0,0.5180486,0
3012,6.008569,40,1,0.5180486,1
3013,-17.636081,250,0,0.5180486,0
3014,29.356441,9,1,0.5180486,1
3015,22.466643,33,1,0.5180486,2
3016,25.8921,36,1,0.5180486,3
3017,31.228239,22,1,0.5180486,4
3018,10.47981,42,1,0.5180486,0
3019,26.834451,39,1,0.5180486,1
3020,-250.823638,250,0,0.5180486,0
3021,28.465342,25,1,0.5180486,1
3022,28.591401,24,1,0.5180486,2
3023,23.4268,79,1,0.5180486,3
3024,29.221622,29,1,0.5180486,4
3025,-11.973681,250,0,0.5180486,0
3026,29.227279,28,1,0.5180486,1
3027,20.524346,52,1,0.5180486,2
3028,28.435228,24,1,0.5180486,3
3029,29.76361,41,1,0.5180486,4
3030,27.774076,20,1,0.5180486,0
3031,-18.852383,250,0,0.5180486,0
3032,24.755312,75,1,0.5180486,1
3033,23.802028,30,1,0.5180486,2
3034,-7.810269,250,0,0.5180486,0
3035,-16.282587,250,0,0.5180486,0
3036,30.950513,16,1,0.5180486,1
3037,29.13626,21,1,0.5180486,2
3038,21.04168,49,1,0.5180486,3
3039,30.050214,27,1,0.5180486,4
3040,-18.128177,115,1,0.5180486,0
3041,22.092368,34,1,0.5180486,1
3042,28.178306,39,1,0.5180486,2
3043,24.704154,36,1,0.5180486,3
3044,27.72626,35,1,0.5180486,4
3045,28.782094,28,1,0.5180486,0
3046,-58.659567,250,0,0.5180486,0
3047,26.84861,4,1,0.5180486,1
3048,-204.438004,250,0,0.5180486,0
3049,26.298727,37,1,0.5180486,1
3050,-20.23241,250,0,0.5180486,0
3051,26.595732,32,1,0.5180486,1
3052,29.520782,11,1,0.5180486,2
3053,29.348904,13,1,0.5180486,3
3054,-14.191743,250,0,0.5180486,0
3055,22.456865,24,1,0.5180486,1
3056,28.818524,23,1,0.5180486,2
3057,28.851663,42,1,0.5180486,3
3058,15.358449,191,1,0.5180486,4
3059,24.021451,32,1,0.5180486,0
3060,-14.293534,250,0,0.5180486,0
3061,16.145162,29,1,0.5180486,1
3062,18.795051,117,1,0.5180486,2
3063,13.632065,56,1,0.5180486,3
3064,-32.951105,250,0,0.5180486,0
3065,-36.668724,133,1,0.5180486,1
3066,25.595382,33,1,0.5180486,2
3067,30.702239,27,1,0.5180486,3
3068,30.188502,13,1,0.5180486,4
3069,28.97611,9,1,0.5180486,0
3070,-23.989223,250,0,0.5180486,0
3071,-22.41246,250,0,0.5180486,0
3072,29.502732,25,1,0.5180486,1
3073,27.962274,22,1,0.5180486,2
3074,25.536883,2,1,0.5180486,3
3075,-31.921363,250,0,0.5180486,0
3076,29.926238,20,1,0.5180486,1
3077,-46.822465,250,0,0.5180486,0
3078,-12.46253,250,0,0.5180486,0
3079,28.548116,20,1,0.5180486,1
3080,30.495545,21,1,0.5180486,2
3081,16.332348,45,1,0.5180486,3
3082,27.314783,20,1,0.5180486,4
3083,-25.737744,250,0,0.5180486,0
3084,23.248982,58,1,0.5180486,1
3085,21.986369,18,1,0.5180486,2
3086,25.840487,63,1,0.5180486,3
3087,24.69223,45,1,0.5180486,4
3088,-22.680445,250,0,0.5180486,0
3089,27.719568,17,1,0.5180486,1
3090,26.319714,26,1,0.5180486,2
3091,28.968801,15,1,0.5180486,3
3092,11.863941,85,1,0.5180486,4
3093,27.994127,35,1,0.5180486,0
3094,25.969605,18,1,0.5180486,1
3095,26.117924,41,1,0.5180486,2
3096,23.425359,47,1,0.5180486,3
3097,23.623953,65,1,0.5180486,4
3098,5.184468,47,1,0.5180486,0
3099,25.128558,31,1,0.5180486,1
3100,31.104517,18,1,0.5180486,2
3101,28.390089,23,1,0.5180486,3
3102,30.071261,14,1,0.5180486,4
3103,27.676363,11,1,0.5180486,0
3104,-20.20401,250,0,0.5180486,0
3105,-23.355216,250,0,0.5180486,0
3106,27.272142,23,1,0.5180486,1
3107,-30.252262,250,0,0.5180486,0
3108,-24.068026,250,0,0.5180486,0
3109,-15.518764,250,0,0.5180486,0
3110,10.683129,66,1,0.5180486,1
3111,11.369706,41,1,0.5180486,2
3112,-12.249237,57,1,0.5180486,3
3113,27.104158,28,1,0.5180486,4
3114,-18.037821,250,0,0.5180486,0
3115,23.496861,37,1,0.5180486,1
3116,26.998809,33,1,0.5180486,2
3117,-58.847659,250,0,0.5180486,0
3118,22.558542,45,1,0.5180486,1
3119,-46.446764,250,0,0.5180486,0
3120,28.534337,17,1,0.5180486,1
3121,-46.295256,250,0,0.5180486,0
3122,21.12097,39,1,0.5180486,1
3123,30.030736,13,1,0.5180486,2
3124,21.637162,28,1,0.5180486,3
3125,26.477371,22,1,0.5180486,4
3126,2.102744,57,1,0.5180486,0
3127,27.040128,14,1,0.5180486,1
3128,-23.25417,250,0,0.5180486,0
3129,-14.310066,250,0,0.5180486,0
3130,25.598605,75,1,0.5180486,1
3131,20.614093,106,1,0.5180486,2
3132,14.104682,176,1,0.5180486,3
3133,-41.746548,250,0,0.5180486,0
3134,-54.403468,170,1,0.5180486,1
3135,25.373724,33,1,0.5180486,2
3136,30.157623,20,1,0.5180486,3
3137,-63.922303,250,0,0.5180486,0
3138,-110.944653,250,0,0.5180486,0
3139,30.704057,20,1,0.5180486,1
3140,-28.757726,250,0,0.5180486,0
3141,27.975034,20,1,0.5180486,1
3142,-22.806758,250,0,0.5180486,0
3143,30.292538,19,1,0.5180486,1
3144,-301.928822,250,0,0.5180486,0
3145,28.560574,37,1,0.5180486,1
3146,28.654139,27,1,0.5180486,2
3147,8.757454,46,1,0.5180486,3
3148,23.281863,58,1,0.5180486,4
3149,4.620923,54,1,0.5180486,0
3150,-15.788028,250,0,0.5180486,0
3151,-17.869465,250,0,0.5180486,0
3152,26.228529,30,1,0.5180486,1
3153,22.565097,30,1,0.5180486,2
3154,-18.592554,250,0,0.5180486,0
3155,31.720906,15,1,0.5180486,1
3156,-4.672487,69,1,0.5180486,2
3157,29.28746,28,1,0.5180486,3
3158,-14.006674,250,0,0.5180486,0
3159,23.961125,63,1,0.5180486,1
3160,19.369185,33,1,0.5180486,2
3161,-32.32731,250,0,0.5180486,0
3162,12.165107,188,1,0.5180486,1
3163,-20.558598,250,0,0.5180486,0
3164,-218.022617,250,0,0.5180486,0
3165,25.281909,28,1,0.5180486,1
3166,25.676787,28,1,0.5180486,2
3167,28.288068,14,1,0.5180486,3
3168,31.162216,12,1,0.5180486,4
3169,-13.107292,250,0,0.5180486,0
3170,-23.191227,250,0,0.5180486,0
3171,-204.648124,250,0,0.5180486,0
3172,29.106208,22,1,0.5180486,1
3173,30.656282,19,1,0.5180486,2
3174,-57.097417,250,0,0.5180486,0
3175,31.164521,22,1,0.5180486,1
3176,29.269125,29,1,0.5180486,2
3177,31.706842,13,1,0.5180486,3
3178,-18.933569,250,0,0.5180486,0
3179,29.626603,20,1,0.5180486,1
3180,27.610565,4,1,0.5180486,2
3181,-19.817715,250,0,0.5180486,0
3182,24.140873,29,1,0.5180486,1
3183,18.228317,142,1,0.5180486,2
3184,-24.170113,250,0,0.5180486,0
3185,26.32321,10,1,0.5180486,1
3186,26.449762,4,1,0.5180486,2
3187,23.646673,28,1,0.5180486,3
3188,-340.530826,250,0,0.5180486,0
3189,-35.628356,250,0,0.5180486,0
3190,-25.51643,250,0,0.5180486,0
3191,26.728311,11,1,0.5180486,1
3192,-26.374526,250,0,0.5180486,0
3193,23.841685,36,1,0.5180486,1
3194,-34.988813,250,0,0.5180486,0
3195,31.186947,12,1,0.5180486,1
3196,24.543036,22,1,0.5180486,2
3197,-27.249155,250,0,0.5180486,0
3198,30.700121,18,1,0.5180486,1
3199,22.617192,93,1,0.5180486,2
3200,9.859727,63,1,0.5180486,3
3201,30.541431,16,1,0.5180486,4
3202,-28.465135,250,0,0.5180486,0
3203,7.847127,48,1,0.5180486,1
3204,28.954632,27,1,0.5180486,2
3205,27.54826,37,1,0.5180486,3
3206,24.525946,23,1,0.5180486,4
3207,25.009102,35,1,0.5180486,0
3208,-192.695988,250,0,0.5180486,0
3209,27.022454,34,1,0.5180486,1
3210,-16.845256,250,0,0.5180486,0
3211,-35.102687,250,0,0.5180486,0
3212,-29.194146,250,0,0.5180486,0
3213,-25.296369,250,0,0.5180486,0
3214,-21.000847,250,0,0.5180486,0
3215,14.96831,61,1,0.5180486,1
3216,22.841137,52,1,0.5180486,2
3217,28.497504,8,1,0.5180486,3
3218,-288.66408,250,0,0.5180486,0
3219,-25.136632,250,0,0.5180486,0
3220,-19.159201,250,0,0.5180486,0
3221,27.493071,43,1,0.5180486,1
3222,11.711531,82,1,0.5180486,2
3223,22.882382,111,1,0.5180486,3
3224,28.07559,17,1,0.5180486,4
3225,-9.985811,250,0,0.5180486,0
3226,28.806461,32,1,0.5180486,1
3227,28.945672,22,1,0.5180486,2
3228,-14.775993,250,0,0.5180486,0
3229,27.980757,18,1,0.5180486,1
3230,-13.205543,250,0,0.5180486,0
3231,-31.033304,250,0,0.5180486,0
3232,29.349956,19,1,0.5180486,1
3233,-21.598083,250,0,0.5180486,0
3234,-18.856273,250,0,0.5180486,0
3235,31.416951,18,1,0.5180486,1
3236,30.281548,17,1,0.5180486,2
3237,-13.166503,250,0,0.5180486,0
3238,29.240944,6,1,0.5180486,1
3239,23.82429,74,1,0.5180486,2
3240,28.194069,26,1,0.5180486,3
3241,29.565491,15,1,0.5180486,4
3242,-31.593722,236,1,0.5180486,0
3243,-12.029661,250,0,0.5180486,0
3244,29.31943,24,1,0.5180486,1
3245,15.333904,169,1,0.5180486,2
3246,27.777554,24,1,0.5180486,3
3247,-65.420488,91,1,0.5180486,4
3248,23.687213,48,1,0.5180486,0
3249,1.776267,63,1,0.5180486,1
3250,-338.953178,250,0,0.5180486,0
3251,-42.075734,186,1,0.5180486,1
3252,-18.292728,250,0,0.5180486,0
3253,-17.186263,250,0,0.5180486,0
3254,15.568959,38,1,0.5180486,1
3255,27.083472,21,1,0.5180486,2
3256,25.881176,26,1,0.5180486,3
3257,-48.469646,250,0,0.5180486,0
3258,-8.720048,250,0,0.5180486,0
3259,-11.914497,250,0,0.5180486,0
3260,-19.535124,250,0,0.5180486,0
3261,27.345783,23,1,0.5180486,1
3262,8.789932,237,1,0.5180486,2
3263,30.115899,11,1,0.5180486,3
3264,29.268592,41,1,0.5180486,4
3265,30.113892,16,1,0.5180486,0
3266,-58.364084,250,0,0.5180486,0
3267,-14.605423,250,0,0.5180486,0
3268,-228.471864,250,0,0.5180486,0
3269,-23.520874,250,0,0.5180486,0
3270,28.705723,12,1,0.5180486,1
3271,-23.853589,250,0,0.5180486,0
3272,-32.334309,250,0,0.5180486,0
3273,23.606221,75,1,0.5180486,1
3274,15.947022,248,1,0.5180486,2
3275,-16.71612,250,0,0.5180486,0
3276,28.953398,9,1,0.5180486,1
3277,-8.498451,250,0,0.5180486,0
3278,-27.355303,250,0,0.5180486,0
3279,-23.832489,250,0,0.5180486,0
3280,27.514619,41,1,0.5180486,1
3281,27.670609,45,1,0.5180486,2
3282,25.014153,42,1,0.5180486,3
3283,28.324356,16,1,0.5180486,4
3284,27.247408,14,1,0.5180486,0
3285,-11.918647,250,0,0.5180486,0
3286,-19.560712,250,0,0.5180486,0
3287,-23.259746,250,0,0.5180486,0
3288,23.792473,36,1,0.5180486,1
3289,-21.375102,250,0,0.5180486,0
3290,26.896527,44,1,0.5180486,1
3291,21.823112,75,1,0.5180486,2
3292,26.260693,7,1,0.5180486,3
3293,-29.094206,250,0,0.5180486,0
3294,29.288731,11,1,0.5180486,1
3295,22.328633,26,1,0.5180486,2
3296,-20.039657,250,0,0.5180486,0
3297,23.011057,48,1,0.5180486,1
3298,26.915884,31,1,0.5180486,2
3299,18.247515,39,1,0.5180486,3
3300,20.815885,32,1,0.5180486,4
3301,-18.385221,250,0,0.5180486,0
3302,29.480629,8,1,0.5180486,1
3303,25.197053,1,1,0.5180486,2
3304,27.518991,9,1,0.5180486,3
3305,-268.059867,250,0,0.5180486,0
3306,-14.194379,250,0,0.5180486,0
3307,-29.386718,250,0,0.5180486,0
3308,14.150524,46,1,0.5180486,1
3309,-17.952454,250,0,0.5180486,0
3310,29.129047,34,1,0.5180486,1
3311,-12.373631,96,1,0.5180486,2
3312,-28.266147,250,0,0.5180486,0
3313,7.73778,43,1,0.5180486,1
3314,30.500329,18,1,0.5180486,2
3315,-12.246141,250,0,0.5180486,0
3316,26.130582,25,1,0.5180486,1
3317,24.675549,46,1,0.5180486,2
3318,-35.174204,250,0,0.5180486,0
3319,28.199951,27,1,0.5180486,1
3320,29.038928,20,1,0.5180486,2
3321,-27.465205,250,0,0.5180486,0
3322,30.246076,13,1,0.5180486,1
3323,-19.139359,250,0,0.5180486,0
3324,24.754839,84,1,0.5180486,1
3325,-34.964668,250,0,0.5180486,0
3326,27.130367,13,1,0.5180486,1
3327,28.763598,17,1,0.5180486,2
3328,27.341766,65,1,0.5180486,3
3329,28.999175,26,1,0.5180486,4
3330,24.553059,25,1,0.5180486,0
3331,6.961174,206,1,0.5180486,1
3332,-76.386509,250,0,0.5180486,0
3333,30.012648,16,1,0.5180486,1
3334,28.87223,35,1,0.5180486,2
3335,24.763156,8,1,0.5180486,3
3336,25.924329,54,1,0.5180486,4
3337,28.277642,32,1,0.5180486,0
3338,-26.330733,250,0,0.5180486,0
3339,29.28001,13,1,0.5180486,1
3340,27.03332,21,1,0.5180486,2
3341,24.910903,35,1,0.5180486,3
3342,-20.215597,250,0,0.5180486,0
3343,24.325476,48,1,0.5180486,1
3344,31.848762,15,1,0.5180486,2
3345,-0.848209,82,1,0.5180486,3
3346,25.070693,14,1,0.5180486,4
3347,29.472699,14,1,0.5180486,0
3348,21.532296,58,1,0.5180486,1
3349,21.363681,40,1,0.5180486,2
3350,27.948807,23,1,0.5180486,3
3351,25.371822,9,1,0.5180486,4
3352,29.255835,32,1,0.5180486,0
3353,-19.274969,250,0,0.5180486,0
3354,-16.104716,250,0,0.5180486,0
3355,-17.446948,250,0,0.5180486,0
3356,-17.234055,250,0,0.5180486,0
3357,28.145069,30,1,0.5180486,1
3358,-68.897922,250,0,0.5180486,0
3359,31.283457,16,1,0.5180486,1
3360,28.632752,16,1,0.5180486,2
3361,-49.647524,250,0,0.5180486,0
3362,-196.72225,250,0,0.5180486,0
3363,27.747253,38,1,0.5180486,1
3364,23.471083,51,1,0.5180486,2
3365,30.844817,17,1,0.5180486,3
3366,22.186872,135,1,0.5180486,4
3367,26.335622,30,1,0.5180486,0
3368,-21.474033,250,0,0.5180486,0
3369,-75.357194,250,0,0.5180486,0
3370,23.193556,25,1,0.5180486,1
3371,-3.596032,83,1,0.5180486,2
3372,26.568393,34,1,0.5180486,3
3373,27.959073,23,1,0.5180486,4
3374,28.277861,16,1,0.5180486,0
3375,-21.749664,250,0,0.5180486,0
3376,22.553317,34,1,0.5180486,1
3377,25.217133,29,1,0.5180486,2
3378,27.08729,28,1,0.5180486,3
3379,-23.86222,71,1,0.5180486,4
3380,28.24663,30,1,0.5180486,0
3381,28.092991,11,1,0.5180486,1
3382,-11.151165,250,0,0.5180486,0
3383,24.83663,41,1,0.5180486,1
3384,-22.535632,250,0,0.5180486,0
3385,21.824414,26,1,0.5180486,1
3386,-25.389926,250,0,0.5180486,0
3387,27.513384,26,1,0.5180486,1
3388,30.770975,18,1,0.5180486,2
3389,-17.098458,250,0,0.5180486,0
3390,27.933333,9,1,0.5180486,1
3391,24.814281,41,1,0.5180486,2
3392,18.597072,90,1,0.5180486,3
3393,18.938158,34,1,0.5180486,4
3394,27.928399,29,1,0.5180486,0
3395,26.999953,27,1,0.5180486,1
3396,26.324577,29,1,0.5180486,2
3397,-36.881184,250,0,0.5180486,0
3398,28.090376,21,1,0.5180486,1
3399,11.805472,53,1,0.5180486,2
3400,27.179505,23,1,0.5180486,3
3401,20.656024,101,1,0.5180486,4
3402,25.981216,62,1,0.5180486,0
3403,28.399693,33,1,0.5180486,1
3404,16.094453,46,1,0.5180486,2
3405,-32.449712,250,0,0.5180486,0
3406,14.026826,87,1,0.5180486,1
3407,-200.192829,250,0,0.5180486,0
3408,-10.103812,250,0,0.5180486,0
3409,24.663384,32,1,0.5180486,1
3410,27.357613,36,1,0.5180486,2
3411,-29.752002,250,0,0.5180486,0
3412,25.867198,2,1,0.5180486,1
3413,21.415394,124,1,0.5180486,2
3414,27.553548,16,1,0.5180486,3
3415,27.29816,21,1,0.5180486,4
3416,29.943466,16,1,0.5180486,0
3417,-27.185553,250,0,0.5180486,0
3418,-25.592945,250,0,0.5180486,0
3419,-21.60868,250,0,0.5180486,0
3420,28.036201,23,1,0.5180486,1
3421,24.17928,30,1,0.5180486,2
3422,26.792285,21,1,0.5180486,3
3423,28.796794,9,1,0.5180486,4
3424,26.047209,6,1,0.5180486,0
3425,30.335101,19,1,0.5180486,1
3426,31.741144,14,1,0.5180486,2
3427,30.512672,16,1,0.5180486,3
3428,-38.265064,250,0,0.5180486,0
3429,-20.604671,76,1,0.5180486,1
3430,13.821191,217,1,0.5180486,2
3431,-13.386843,250,0,0.5180486,0
3432,30.000746,46,1,0.5180486,1
3433,29.366344,20,1,0.5180486,2
3434,29.920298,9,1,0.5180486,3
3435,27.628886,27,1,0.5180486,4
3436,16.005496,37,1,0.5180486,0
3437,-18.134931,250,0,0.5180486,0
3438,-48.697239,250,0,0.5180486,0
3439,-28.247105,250,0,0.5180486,0
3440,24.990181,26,1,0.5180486,1
3441,-14.624259,250,0,0.5180486,0
3442,29.079327,23,1,0.5180486,1
3443,29.224415,19,1,0.5180486,2
3444,24.792379,47,1,0.5180486,3
3445,-21.201265,250,0,0.5180486,0
3446,-16.574958,250,0,0.5180486,0
3447,-15.437714,250,0,0.5180486,0
3448,-24.951237,250,0,0.5180486,0
3449,24.259261,46,1,0.5180486,1
3450,-17.702524,250,0,0.5180486,0
3451,5.531988,46,1,0.5180486,1
3452,-154.63897,250,0,0.5180486,0
3453,28.154178,24,1,0.5180486,1
3454,25.805275,31,1,0.5180486,2
3455,-23.478811,250,0,0.5180486,0
3456,22.914465,131,1,0.5180486,1
3457,-16.55424,250,0,0.5180486,0
3458,-11.800156,250,0,0.5180486,0
3459,-20.509642,250,0,0.5180486,0
3460,-75.736927,250,0,0.5180486,0
3461,22.276072,119,1,0.5180486,1
3462,-31.673819,250,0,0.5180486,0
3463,29.698171,11,1,0.5180486,1
3464,26.444652,24,1,0.5180486,2
3465,26.371521,29,1,0.5180486,3
3466,-16.914459,250,0,0.5180486,0
3467,22.559083,24,1,0.5180486,1
3468,30.696042,12,1,0.5180486,2
3469,-14.708762,250,0,0.5180486,0
3470,25.391237,57,1,0.5180486,1
3471,-112.586227,250,0,0.5180486,0
3472,23.282221,31,1,0.5180486,1
3473,27.271285,30,1,0.5180486,2
3474,24.224926,30,1,0.5180486,3
3475,-17.884518,250,0,0.5180486,0
3476,16.330609,202,1,0.5180486,1
3477,-208.469505,250,0,0.5180486,0
3478,8.101218,60,1,0.5180486,1
3479,31.047182,11,1,0.5180486,2
3480,19.378638,138,1,0.5180486,3
3481,-30.414204,250,0,0.5180486,0
3482,31.382734,17,1,0.5180486,1
3483,30.423419,23,1,0.5180486,2
3484,-16.135597,250,0,0.5180486,0
3485,27.784435,16,1,0.5180486,1
3486,24.735582,39,1,0.5180486,2
3487,-24.462897,250,0,0.5180486,0
3488,30.292421,15,1,0.5180486,1
3489,27.901827,19,1,0.5180486,2
3490,-44.902995,250,0,0.5180486,0
3491,-41.973044,250,0,0.5180486,0
3492,-101.791106,170,1,0.5180486,1
3493,12.999755,41,1,0.5180486,2
3494,22.898476,50,1,0.5180486,3
3495,-11.902213,250,0,0.5180486,0
3496,25.00548,25,1,0.5180486,1
3497,11.315498,62,1,0.5180486,2
3498,27.293409,31,1,0.5180486,3
3499,24.595164,57,1,0.5180486,4
3500,5.840953,211,1,0.5180486,0
3501,28.625578,25,1,0.5180486,1
3502,28.355838,21,1,0.5180486,2
3503,-15.97709,225,1,0.5180486,3
3504,27.28688,20,1,0.5180486,4
3505,-26.763273,250,0,0.5180486,0
3506,28.619349,15,1,0.5180486,1
3507,30.504163,10,1,0.5180486,2
3508,27.452547,28,1,0.5180486,3
3509,25.060419,30,1,0.5180486,4
3510,-14.602057,250,0,0.5180486,0
3511,29.807319,24,1,0.5180486,1
3512,26.081157,48,1,0.5180486,2
3513,-26.338001,250,0,0.5180486,0
3514,25.25245,33,1,0.5180486,1
3515,24.243022,29,1,0.5180486,2
3516,-14.844412,250,0,0.5180486,0
3517,12.092711,170,1,0.5180486,1
3518,29.396143,22,1,0.5180486,2
3519,23.08353,33,1,0.5180486,3
3520,27.710548,30,1,0.5180486,4
3521,-17.352736,250,0,0.5180486,0
3522,-33.143493,250,0,0.5180486,0
3523,14.617513,199,1,0.5180486,1
3524,19.590003,85,1,0.5180486,2
3525,26.775336,21,1,0.5180486,3
3526,0.523578,97,1,0.5180486,4
3527,-19.37782,250,0,0.5180486,0
3528,27.654069,10,1,0.5180486,1
3529,26.04329,39,1,0.5180486,2
3530,-12.241211,250,0,0.5180486,0
3531,30.779952,11,1,0.5180486,1
3532,-11.483825,250,0,0.5180486,0
3533,-4.347951,50,1,0.5180486,1
3534,-20.744159,250,0,0.5180486,0
3535,-13.731174,250,0,0.5180486,0
3536,-34.806691,250,0,0.5180486,0
3537,29.013318,23,1,0.5180486,1
3538,29.381606,13,1,0.5180486,2
3539,30.975663,14,1,0.5180486,3
3540,26.283272,2,1,0.5180486,4
3541,-349.301502,250,0,0.5180486,0
3542,19.670929,58,1,0.5180486,1
3543,30.744278,12,1,0.5180486,2
3544,26.360819,26,1,0.5180486,3
3545,-23.816385,250,0,0.5180486,0
3546,-4.62322,60,1,0.5180486,1
3547,-18.972636,250,0,0.5180486,0
3548,26.167189,16,1,0.5180486,1
3549,12.892773,243,1,0.5180486,2
3550,-19.723373,250,0,0.5180486,0
3551,25.631223,58,1,0.5180486,1
3552,31.017673,19,1,0.5180486,2
3553,-9.525477,250,0,0.5180486,0
3554,27.238047,31,1,0.5180486,1
3555,15.275089,36,1,0.5180486,2
3556,28.776249,38,1,0.5180486,3
3557,22.808881,62,1,0.5180486,4
3558,-38.529208,250,0,0.5180486,0
3559,-19.698893,250,0,0.5180486,0
3560,-22.132647,250,0,0.5180486,0
3561,26.848821,31,1,0.5180486,1
3562,-30.44398,250,0,0.5180486,0
3563,26.760425,27,1,0.5180486,1
3564,23.913668,40,1,0.5180486,2
3565,-64.057355,250,0,0.5180486,0
3566,27.270555,26,1,0.5180486,1
3567,24.180308,39,1,0.5180486,2
3568,27.055494,32,1,0.5180486,3
3569,-22.901744,250,0,0.5180486,0
3570,29.190332,10,1,0.5180486,1
3571,17.818961,97,1,0.5180486,2
3572,26.292689,22,1,0.5180486,3
3573,25.206836,38,1,0.5180486,4
3574,28.243494,21,1,0.5180486,0
3575,28.430664,20,1,0.5180486,1
3576,-301.643785,250,0,0.5180486,0
3577,-159.251309,250,0,0.5180486,0
3578,30.471031,18,1,0.5180486,1
3579,29.911551,21,1,0.5180486,2
3580,27.775211,25,1,0.5180486,3
3581,24.499393,44,1,0.5180486,4
3582,29.804157,16,1,0.5180486,0
3583,7.428616,58,1,0.5180486,1
3584,18.716609,37,1,0.5180486,2
3585,-9.578358,250,0,0.5180486,0
3586,25.482285,17,1,0.5180486,1
3587,21.936277,44,1,0.5180486,2
3588,26.199578,44,1,0.5180486,3
3589,-11.371052,250,0,0.5180486,0
3590,26.891553,24,1,0.5180486,1
3591,24.803016,37,1,0.5180486,2
3592,-13.762184,250,0,0.5180486,0
3593,-18.406264,250,0,0.5180486,0
3594,31.257998,10,1,0.5180486,1
3595,27.127638,36,1,0.5180486,2
3596,27.041676,38,1,0.5180486,3
3597,-13.662688,250,0,0.5180486,0
3598,27.513205,12,1,0.5180486,1
3599,-12.295108,250,0,0.5180486,0
3600,20.764575,93,1,0.5180486,1
3601,-18.112839,250,0,0.5180486,0
3602,24.062878,88,1,0.5180486,1
3603,20.313603,50,1,0.5180486,2
3604,29.04614,20,1,0.5180486,3
3605,-75.552572,250,0,0.5180486,0
3606,-17.650378,250,0,0.5180486,0
3607,26.476927,33,1,0.5180486,1
3608,28.891033,20,1,0.5180486,2
3609,24.92546,18,1,0.5180486,3
3610,-17.472901,250,0,0.5180486,0
3611,11.514998,56,1,0.5180486,1
3612,-17.896128,250,0,0.5180486,0
3613,28.960185,14,1,0.5180486,1
3614,-10.844934,250,0,0.5180486,0
3615,29.578107,27,1,0.5180486,1
3616,26.792077,64,1,0.5180486,2
3617,25.235488,34,1,0.5180486,3
3618,-21.288964,250,0,0.5180486,0
3619,28.522852,42,1,0.5180486,1
3620,29.627001,8,1,0.5180486,2
3621,28.248594,34,1,0.5180486,3
3622,-19.108248,250,0,0.5180486,0
3623,25.389288,34,1,0.5180486,1
3624,16.198042,83,1,0.5180486,2
3625,9.561666,67,1,0.5180486,3
3626,-25.620845,250,0,0.5180486,0
3627,-13.752003,250,0,0.5180486,0
3628,-20.81444,250,0,0.5180486,0
3629,18.710052,129,1,0.5180486,1
3630,26.558529,39,1,0.5180486,2
3631,26.391806,45,1,0.5180486,3
3632,26.157396,18,1,0.5180486,4
3633,-14.46981,250,0,0.5180486,0
3634,29.592963,27,1,0.5180486,1
3635,-13.58594,250,0,0.5180486,0
3636,28.242343,19,1,0.5180486,1
3637,-21.361197,250,0,0.5180486,0
3638,25.286129,38,1,0.5180486,1
3639,27.724619,23,1,0.5180486,2
3640,-15.043131,250,0,0.5180486,0
3641,25.230865,60,1,0.5180486,1
3642,26.04626,47,1,0.5180486,2
3643,-11.62658,250,0,0.5180486,0
3644,23.949489,33,1,0.5180486,1
3645,29.76151,32,1,0.5180486,2
3646,29.388756,20,1,0.5180486,3
3647,21.098476,68,1,0.5180486,4
3648,24.604514,31,1,0.5180486,0
3649,21.003328,52,1,0.5180486,1
3650,27.744216,16,1,0.5180486,2
3651,-17.171801,250,0,0.5180486,0
3652,30.560449,22,1,0.5180486,1
3653,-36.597169,250,0,0.5180486,0
3654,24.551716,41,1,0.5180486,1
3655,24.095814,63,1,0.5180486,2
3656,27.630944,17,1,0.5180486,3
3657,-27.835567,250,0,0.5180486,0
3658,26.905709,30,1,0.5180486,1
3659,-21.831591,250,0,0.5180486,0
3660,28.09515,37,1,0.5180486,1
3661,-18.654604,250,0,0.5180486,0
3662,-3.536916,75,1,0.5180486,1
3663,30.490535,20,1,0.5180486,2
3664,29.273129,14,1,0.5180486,3
3665,28.016577,25,1,0.5180486,4
3666,25.024213,29,1,0.5180486,0
3667,30.099195,23,1,0.5180486,1
3668,1.770661,106,1,0.5180486,2
3669,27.800745,40,1,0.5180486,3
3670,-77.986292,250,0,0.5180486,0
3671,-18.328483,250,0,0.5180486,0
3672,-25.543796,250,0,0.5180486,0
3673,25.224674,49,1,0.5180486,1
3674,29.217801,17,1,0.5180486,2
3675,24.523381,69,1,0.5180486,3
3676,26.014334,35,1,0.5180486,4
3677,29.523931,20,1,0.5180486,0
3678,-322.958619,250,0,0.5180486,0
3679,31.154924,13,1,0.5180486,1
3680,-20.640628,250,0,0.5180486,0
3681,27.367611,30,1,0.5180486,1
3682,30.422657,11,1,0.5180486,2
3683,-18.532167,250,0,0.5180486,0
3684,28.056006,29,1,0.5180486,1
3685,27.419034,21,1,0.5180486,2
3686,-20.620947,250,0,0.5180486,0
3687,-32.082446,250,0,0.5180486,0
3688,27.820076,11,1,0.5180486,1
3689,-20.858134,250,0,0.5180486,0
3690,-24.363196,250,0,0.5180486,0
3691,23.864352,37,1,0.5180486,1
3692,17.363742,213,1,0.5180486,2
3693,29.402567,19,1,0.5180486,3
3694,-9.010578,250,0,0.5180486,0
3695,27.886726,26,1,0.5180486,1
3696,26.993803,12,1,0.5180486,2
3697,18.919221,36,1,0.5180486,3
3698,29.751534,17,1,0.5180486,4
3699,10.377438,117,1,0.5180486,0
3700,-143.881183,250,0,0.5180486,0
3701,-18.560167,250,0,0.5180486,0
3702,5.352742,66,1,0.5180486,1
3703,-26.546745,250,0,0.5180486,0
3704,27.390882,33,1,0.5180486,1
3705,28.488698,30,1,0.5180486,2
3706,-12.503395,250,0,0.5180486,0
3707,26.162234,2,1,0.5180486,1
3708,27.26352,4,1,0.5180486,2
3709,28.135281,21,1,0.5180486,3
3710,29.839357,27,1,0.5180486,4
3711,-20.07318,151,1,0.5180486,0
3712,30.708793,23,1,0.5180486,1
3713,24.318427,39,1,0.5180486,2
3714,-99.689004,250,0,0.5180486,0
3715,24.412199,37,1,0.5180486,1
3716,20.169997,52,1,0.5180486,2
3717,22.828084,48,1,0.5180486,3
3718,-11.126208,250,0,0.5180486,0
3719,30.117943,20,1,0.5180486,1
3720,8.115963,47,1,0.5180486,2
3721,18.809291,46,1,0.5180486,3
3722,18.288353,104,1,0.5180486,4
3723,23.411634,74,1,0.5180486,0
3724,23.252854,34,1,0.5180486,1
3725,24.883232,1,1,0.5180486,2
3726,20.543343,74,1,0.5180486,3
3727,25.507462,48,1,0.5180486,4
3728,27.63388,20,1,0.5180486,0
3729,27.937328,29,1,0.5180486,1
3730,-16.628836,250,0,0.5180486,0
3731,20.733502,84,1,0.5180486,1
3732,-33.195179,250,0,0.5180486,0
3733,28.744642,38,1,0.5180486,1
3734,28.704815,8,1,0.5180486,2
3735,25.813807,21,1,0.5180486,3
3736,-12.760274,250,0,0.5180486,0
3737,30.286417,20,1,0.5180486,1
3738,21.461129,92,1,0.5180486,2
3739,-16.518315,250,0,0.5180486,0
3740,-41.262081,250,0,0.5180486,0
3741,23.878997,33,1,0.5180486,1
3742,26.149283,22,1,0.5180486,2
3743,-30.096219,250,0,0.5180486,0
3744,25.96395,30,1,0.5180486,1
3745,29.405855,17,1,0.5180486,2
3746,-125.915049,250,0,0.5180486,0
3747,26.676892,7,1,0.5180486,1
3748,25.438639,33,1,0.5180486,2
3749,-20.790084,250,0,0.5180486,0
3750,26.776054,23,1,0.5180486,1
3751,28.68899,20,1,0.5180486,2
3752,28.798443,18,1,0.5180486,3
3753,-16.967058,250,0,0.5180486,0
3754,-12.782092,250,0,0.5180486,0
3755,-46.433147,250,0,0.5180486,0
3756,15.61512,50,1,0.5180486,1
3757,24.356972,25,1,0.5180486,2
3758,-48.562663,250,0,0.5180486,0
3759,29.664913,27,1,0.5180486,1
3760,30.561093,17,1,0.5180486,2
3761,-20.612951,250,0,0.5180486,0
3762,-17.954613,250,0,0.5180486,0
3763,30.810567,12,1,0.5180486,1
3764,27.446517,16,1,0.5180486,2
3765,30.871649,15,1,0.5180486,3
3766,-217.903326,250,0,0.5180486,0
3767,-12.063466,250,0,0.5180486,0
3768,-17.321652,250,0,0.5180486,0
3769,26.189167,36,1,0.5180486,1
3770,22.667677,76,1,0.5180486,2
3771,-0.833556,102,1,0.5180486,3
3772,20.074769,86,1,0.5180486,4
3773,27.992657,30,1,0.5180486,0
3774,-51.740718,250,0,0.5180486,0
3775,-20.828164,250,0,0.5180486,0
3776,-46.410083,250,0,0.5180486,0
3777,-21.278203,250,0,0.5180486,0
3778,30.357031,12,1,0.5180486,1
3779,29.158057,30,1,0.5180486,2
3780,28.066536,38,1,0.5180486,3
3781,-22.409849,250,0,0.5180486,0
3782,14.366771,161,1,0.5180486,1
3783,5.803772,112,1,0.5180486,2
3784,26.081542,13,1,0.5180486,3
3785,26.765133,25,1,0.5180486,4
3786,-18.884658,250,0,0.5180486,0
3787,23.071907,27,1,0.5180486,1
3788,28.441846,5,1,0.5180486,2
3789,30.966474,13,1,0.5180486,3
3790,-16.670097,250,0,0.5180486,0
3791,28.752494,21,1,0.5180486,1
3792,-25.369244,250,0,0.5180486,0
3793,-30.955206,250,0,0.5180486,0
3794,-28.789006,250,0,0.5180486,0
3795,-29.747221,250,0,0.5180486,0
3796,-10.772275,250,0,0.5180486,0
3797,-22.811956,250,0,0.5180486,0
3798,29.203229,42,1,0.5180486,1
3799,24.837198,68,1,0.5180486,2
3800,8.286096,135,1,0.5180486,3
3801,25.706118,29,1,0.5180486,4
3802,-19.167321,250,0,0.5180486,0
3803,-12.562582,250,0,0.5180486,0
3804,27.922961,24,1,0.5180486,1
3805,22.033541,40,1,0.5180486,2
3806,-20.563404,250,0,0.5180486,0
3807,-91.112664,250,0,0.5180486,0
3808,21.605628,72,1,0.5180486,1
3809,-21.166385,250,0,0.5180486,0
3810,29.179675,14,1,0.5180486,1
3811,28.985496,25,1,0.5180486,2
3812,18.882947,52,1,0.5180486,3
3813,-18.681562,250,0,0.5180486,0
3814,-74.539978,250,0,0.5180486,0
3815,26.711271,31,1,0.5180486,1
3816,30.266076,13,1,0.5180486,2
3817,15.667871,39,1,0.5180486,3
3818,28.028644,32,1,0.5180486,4
3819,3.175043,83,1,0.5180486,0
3820,21.947433,101,1,0.5180486,1
3821,30.951707,15,1,0.5180486,2
3822,27.69171,60,1,0.5180486,3
3823,11.806022,239,1,0.5180486,4
3824,-26.088951,180,1,0.5180486,0
3825,29.835143,14,1,0.5180486,1
3826,31.369929,14,1,0.5180486,2
3827,26.583774,29,1,0.5180486,3
3828,29.575281,19,1,0.5180486,4
3829,20.83822,29,1,0.5180486,0
3830,28.312579,8,1,0.5180486,1
3831,27.858003,31,1,0.5180486,2
3832,-17.524886,250,0,0.5180486,0
3833,25.218179,33,1,0.5180486,1
3834,28.654974,24,1,0.5180486,2
3835,-13.9918,69,1,0.5180486,3
3836,28.025424,9,1,0.5180486,4
3837,-17.159423,250,0,0.5180486,0
3838,28.940986,30,1,0.5180486,1
3839,26.326096,4,1,0.5180486,2
3840,29.131322,19,1,0.5180486,3
3841,28.139728,8,1,0.5180486,4
3842,-11.750532,250,0,0.5180486,0
3843,27.558889,22,1,0.5180486,1
3844,22.240325,85,1,0.5180486,2
3845,25.405469,19,1,0.5180486,3
3846,-10.272249,250,0,0.5180486,0
3847,28.673714,22,1,0.5180486,1
3848,-13.825437,250,0,0.5180486,0
3849,28.978535,37,1,0.5180486,1
3850,27.13032,40,1,0.5180486,2
3851,-15.526405,250,0,0.5180486,0
3852,24.275321,28,1,0.5180486,1
3853,-23.444816,250,0,0.5180486,0
3854,-24.139853,250,0,0.5180486,0
3855,22.507375,59,1,0.5180486,1
3856,26.751842,7,1,0.5180486,2
3857,23.974583,30,1,0.5180486,3
3858,-10.871535,250,0,0.5180486,0
3859,27.08526,36,1,0.5180486,1
3860,-113.856196,250,0,0.5180486,0
3861,-66.569483,250,0,0.5180486,0
3862,25.652652,28,1,0.5180486,1
3863,19.056859,80,1,0.5180486,2
3864,29.748699,12,1,0.5180486,3
3865,26.481601,42,1,0.5180486,4
3866,24.997874,27,1,0.5180486,0
3867,-13.177346,250,0,0.5180486,0
3868,28.010648,11,1,0.5180486,1
3869,26.534491,12,1,0.5180486,2
3870,-17.769035,250,0,0.5180486,0
3871,-43.396847,250,0,0.5180486,0
3872,25.419368,26,1,0.5180486,1
3873,21.819512,34,1,0.5180486,2
3874,28.250625,32,1,0.5180486,3
3875,-12.528461,250,0,0.5180486,0
3876,28.078561,20,1,0.5180486,1
3877,27.347868,73,1,0.5180486,2
3878,24.758705,49,1,0.5180486,3
3879,-22.573466,250,0,0.5180486,0
3880,-124.004701,250,0,0.5180486,0
3881,27.6997,27,1,0.5180486,1
3882,-16.005076,250,0,0.5180486,0
3883,19.330728,56,1,0.5180486,1
3884,28.583052,23,1,0.5180486,2
3885,27.348966,26,1,0.5180486,3
3886,27.407064,24,1,0.5180486,4
3887,22.865521,118,1,0.5180486,0
3888,-17.259291,250,0,0.5180486,0
3889,26.161445,33,1,0.5180486,1
3890,25.345435,31,1,0.5180486,2
3891,26.033195,15,1,0.5180486,3
3892,-16.781136,250,0,0.5180486,0
3893,-0.516506,86,1,0.5180486,1
3894,29.003876,17,1,0.5180486,2
3895,-13.501017,250,0,0.5180486,0
3896,24.352117,13,1,0.5180486,1
3897,24.593821,33,1,0.5180486,2
3898,-14.669436,250,0,0.5180486,0
3899,12.936338,46,1,0.5180486,1
3900,29.350561,28,1,0.5180486,2
3901,-17.22843,250,0,0.5180486,0
3902,16.749399,46,1,0.5180486,1
3903,-241.704959,250,0,0.5180486,0
3904,-45.903833,250,0,0.5180486,0
3905,23.927452,58,1,0.5180486,1
3906,24.395535,35,1,0.5180486,2
3907,16.631438,41,1,0.5180486,3
3908,11.820185,130,1,0.5180486,4
3909,21.080441,52,1,0.5180486,0
3910,-15.596169,250,0,0.5180486,0
3911,27.845199,6,1,0.5180486,1
3912,-18.329425,250,0,0.5180486,0
3913,17.813606,36,1,0.5180486,1
3914,31.311784,18,1,0.5180486,2
3915,-9.514973,250,0,0.5180486,0
3916,27.294717,42,1,0.5180486,1
3917,-11.559518,250,0,0.5180486,0
3918,28.309745,49,1,0.5180486,1
3919,25.444613,32,1,0.5180486,2
3920,7.870103,68,1,0.5180486,3
3921,-26.909617,250,0,0.5180486,0
3922,26.286273,46,1,0.5180486,1
3923,31.611911,14,1,0.5180486,2
3924,-30.487005,250,0,0.5180486,0
3925,27.085567,37,1,0.5180486,1
3926,-24.765182,250,0,0.5180486,0
3927,-23.09928,250,0,0.5180486,0
3928,-31.766757,250,0,0.5180486,0
3929,26.321714,43,1,0.5180486,1
3930,-6.200455,72,1,0.5180486,2
3931,-24.005119,250,0,0.5180486,0
3932,-11.450742,250,0,0.5180486,0
3933,27.671791,26,1,0.5180486,1
3934,-20.778191,250,0,0.5180486,0
3935,-75.092492,250,0,0.5180486,0
3936,15.566167,15,1,0.5180486,1
3937,28.166385,6,1,0.5180486,2
3938,23.599252,36,1,0.5180486,3
3939,29.624189,18,1,0.5180486,4
3940,12.076967,127,1,0.5180486,0
3941,-11.115381,250,0,0.5180486,0
3942,-10.347948,250,0,0.5180486,0
3943,24.830987,23,1,0.5180486,1
3944,-26.65855,250,0,0.5180486,0
3945,25.379869,39,1,0.5180486,1
3946,25.912182,49,1,0.5180486,2
3947,26.320234,29,1,0.5180486,3
3948,14.194288,249,1,0.5180486,4
3949,-13.571115,250,0,0.5180486,0
3950,29.16555,24,1,0.5180486,1
3951,25.109213,29,1,0.5180486,2
3952,26.824973,11,1,0.5180486,3
3953,26.501583,35,1,0.5180486,4
3954,12.71932,38,1,0.5180486,0
3955,26.519557,27,1,0.5180486,1
3956,26.894188,46,1,0.5180486,2
3957,3.970627,145,1,0.5180486,3
3958,23.68945,93,1,0.5180486,4
3959,-46.246043,250,0,0.5180486,0
3960,-19.109006,250,0,0.5180486,0
3961,29.628594,15,1,0.5180486,1
3962,28.48455,20,1,0.5180486,2
3963,-15.319194,250,0,0.5180486,0
3964,-10.682441,250,0,0.5180486,0
3965,23.754524,86,1,0.5180486,1
3966,26.60757,20,1,0.5180486,2
3967,29.07701,9,1,0.5180486,3
3968,-10.099739,191,1,0.5180486,4
3969,20.049493,86,1,0.5180486,0
3970,27.188428,19,1,0.5180486,1
3971,29.369402,35,1,0.5180486,2
3972,-11.856095,250,0,0.5180486,0
3973,21.430459,47,1,0.5180486,1
3974,27.219162,25,1,0.5180486,2
3975,-26.170061,250,0,0.5180486,0
3976,22.762025,29,1,0.5180486,1
3977,25.349311,11,1,0.5180486,2
3978,2.496177,84,1,0.5180486,3
3979,29.50515,18,1,0.5180486,4
3980,22.238947,34,1,0.5180486,0
3981,12.511316,34,1,0.5180486,1
3982,-10.073051,250,0,0.5180486,0
3983,-193.039484,250,0,0.5180486,0
3984,25.422637,46,1,0.5180486,1
3985,-16.018725,250,0,0.5180486,0
3986,-24.572769,250,0,0.5180486,0
3987,27.978807,23,1,0.5180486,1
3988,24.575347,19,1,0.5180486,2
3989,-14.601672,250,0,0.5180486,0
3990,27.421723,42,1,0.5180486,1
3991,-12.496604,250,0,0.5180486,0
3992,20.048408,71,1,0.5180486,1
3993,30.870194,15,1,0.5180486,2
3994,29.047065,18,1,0.5180486,3
3995,27.035461,5,1,0.5180486,4
3996,25.53053,53,1,0.5180486,0
3997,28.026906,9,1,0.5180486,1
3998,-18.511749,250,0,0.5180486,0
3999,28.940753,24,1,0.5180486,1
4000,21.138141,34,1,0.5180486,2
4001,27.183687,12,1,0.5180486,3
4002,-22.130961,250,0,0.5180486,0
4003,-181.205316,250,0,0.5180486,0
4004,14.91361,34,1,0.5180486,1
4005,27.864854,41,1,0.5180486,2
4006,24.180868,39,1,0.5180486,3
4007,25.024309,38,1,0.5180486,4
4008,-18.638144,250,0,0.5180486,0
4009,-15.064985,76,1,0.5180486,1
4010,20.509475,52,1,0.5180486,2
4011,-162.756531,246,1,0.5180486,3
4012,25.563935,31,1,0.5180486,4
4013,25.241536,1,1,0.5180486,0
4014,28.981183,25,1,0.5180486,1
4015,27.22538,11,1,0.5180486,2
4016,23.10762,44,1,0.5180486,3
4017,15.718982,19,1,0.5180486,4
4018,24.813011,25,1,0.5180486,0
4019,26.306893,53,1,0.5180486,1
4020,31.639778,14,1,0.5180486,2
4021,26.675087,15,1,0.5180486,3
4022,27.822259,24,1,0.5180486,4
4023,-14.51621,250,0,0.5180486,0
4024,29.445818,15,1,0.5180486,1
4025,27.613473,23,1,0.5180486,2
4026,16.53201,53,1,0.5180486,3
4027,27.256318,26,1,0.5180486,4
4028,27.887569,24,1,0.5180486,0
4029,22.881511,93,1,0.5180486,1
4030,0.525281,80,1,0.5180486,2
4031,29.003299,35,1,0.5180486,3
4032,17.4125,47,1,0.5180486,4
4033,31.521989,15,1,0.5180486,0
4034,28.244415,12,1,0.5180486,1
4035,-196.110594,250,0,0.5180486,0
4036,24.684381,39,1,0.5180486,1
4037,27.394066,28,1,0.5180486,2
4038,14.038607,51,1,0.5180486,3
4039,29.568912,13,1,0.5180486,4
4040,-41.887817,250,0,0.5180486,0
4041,-13.36944,250,0,0.5180486,0
4042,28.55309,23,1,0.5180486,1
4043,30.273189,24,1,0.5180486,2
4044,26.527685,27,1,0.5180486,3
4045,28.991748,33,1,0.5180486,4
4046,28.825506,30,1,0.5180486,0
4047,28.619645,25,1,0.5180486,1
4048,-17.146797,250,0,0.5180486,0
4049,13.673302,99,1,0.5180486,1
4050,26.125887,19,1,0.5180486,2
4051,-93.567504,199,1,0.5180486,3
4052,1.006278,93,1,0.5180486,4
4053,31.00635,13,1,0.5180486,0
4054,-43.797514,250,0,0.5180486,0
4055,26.265066,26,1,0.5180486,1
4056,19.448074,183,1,0.5180486,2
4057,28.81853,17,1,0.5180486,3
4058,27.428561,5,1,0.5180486,4
4059,-16.646507,250,0,0.5180486,0
4060,6.928653,203,1,0.5180486,1
4061,-8.965015,250,0,0.5180486,0
4062,5.963862,99,1,0.5180486,1
4063,8.635036,57,1,0.5180486,2
4064,-40.397215,250,0,0.5180486,0
4065,27.949466,12,1,0.5180486,1
4066,21.670302,56,1,0.5180486,2
4067,26.322157,20,1,0.5180486,3
4068,24.281215,29,1,0.5180486,4
4069,16.023385,207,1,0.5180486,0
4070,-28.115042,250,0,0.5180486,0
4071,-20.42697,250,0,0.5180486,0
4072,29.132443,32,1,0.5180486,1
4073,15.659008,22,1,0.5180486,2
4074,31.108087,19,1,0.5180486,3
4075,-14.638738,250,0,0.5180486,0
4076,15.24349,179,1,0.5180486,1
4077,-17.412097,250,0,0.5180486,0
4078,25.236442,35,1,0.5180486,1
4079,-24.790011,250,0,0.5180486,0
4080,20.925327,61,1,0.5180486,1
4081,31.734275,21,1,0.5180486,2
4082,-17.582251,250,0,0.5180486,0
4083,28.636072,32,1,0.5180486,1
4084,-13.247005,250,0,0.5180486,0
4085,-5.97579,53,1,0.5180486,1
4086,16.73397,89,1,0.5180486,2
4087,26.277441,14,1,0.5180486,3
4088,-29.671767,250,0,0.5180486,0
4089,7.870745,43,1,0.5180486,1
4090,-5.468737,163,1,0.5180486,2
4091,-12.553431,250,0,0.5180486,0
4092,27.057918,5,1,0.5180486,1
4093,27.935788,30,1,0.5180486,2
4094,26.594481,5,1,0.5180486,3
4095,30.226393,13,1,0.5180486,4
4096,30.058067,18,1,0.5180486,0
4097,-29.002428,250,0,0.5180486,0
4098,-9.029386,189,1,0.5180486,1
4099,17.06243,52,1,0.5180486,2
4100,26.929811,27,1,0.5180486,3
4101,26.462129,37,1,0.5180486,4
4102,29.577924,21,1,0.5180486,0
4103,24.724682,20,1,0.5180486,1
4104,26.83704,34,1,0.5180486,2
4105,25.745003,27,1,0.5180486,3
4106,26.138624,5,1,0.5180486,4
4107,25.829756,22,1,0.5180486,0
4108,-144.799636,250,0,0.5180486,0
4109,29.870556,18,1,0.5180486,1
4110,-2.108611,79,1,0.5180486,2
4111,-11.857528,250,0,0.5180486,0
4112,-20.581619,250,0,0.5180486,0
4113,24.259568,40,1,0.5180486,1
4114,19.578828,54,1,0.5180486,2
4115,25.164111,20,1,0.5180486,3
4116,11.805879,114,1,0.5180486,4
4117,20.429735,92,1,0.5180486,0
4118,15.631511,171,1,0.5180486,1
4119,13.796108,247,1,0.5180486,2
4120,-19.194997,250,0,0.5180486,0
4121,27.436543,41,1,0.5180486,1
4122,30.618869,12,1,0.5180486,2
4123,28.093603,31,1,0.5180486,3
4124,28.537021,9,1,0.5180486,4
4125,27.052797,53,1,0.5180486,0
4126,28.267029,24,1,0.5180486,1
4127,23.351541,43,1,0.5180486,2
4128,-94.090403,250,0,0.5180486,0
4129,27.703704,44,1,0.5180486,1
4130,30.942762,25,1,0.5180486,2
4131,13.243585,40,1,0.5180486,3
4132,26.624426,27,1,0.5180486,4
4133,28.435865,26,1,0.5180486,0
4134,28.179128,15,1,0.5180486,1
4135,-93.288755,145,1,0.5180486,2
4136,24.665109,27,1,0.5180486,3
4137,-30.170267,250,0,0.5180486,0
4138,29.157262,8,1,0.5180486,1
4139,23.783055,62,1,0.5180486,2
4140,26.982014,26,1,0.5180486,3
4141,-31.892338,250,0,0.5180486,0
4142,-19.575156,250,0,0.5180486,0
4143,-11.157613,185,1,0.5180486,1
4144,-27.000507,250,0,0.5180486,0
4145,28.364728,25,1,0.5180486,1
4146,-16.169461,250,0,0.5180486,0
4147,27.208984,26,1,0.5180486,1
4148,25.853044,23,1,0.5180486,2
4149,28.541531,7,1,0.5180486,3
4150,30.246612,21,1,0.5180486,4
4151,14.803214,102,1,0.5180486,0
4152,-9.554036,250,0,0.5180486,0
4153,28.255047,21,1,0.5180486,1
4154,25.608103,54,1,0.5180486,2
4155,-36.580575,250,0,0.5180486,0
4156,16.250205,35,1,0.5180486,1
4157,-32.887913,250,0,0.5180486,0
4158,27.427182,12,1,0.5180486,1
4159,-15.602377,250,0,0.5180486,0
4160,29.133529,27,1,0.5180486,1
4161,27.458976,43,1,0.5180486,2
4162,-26.363008,250,0,0.5180486,0
4163,-17.783042,250,0,0.5180486,0
4164,25.914677,42,1,0.5180486,1
4165,20.107923,38,1,0.5180486,2
4166,-20.57417,250,0,0.5180486,0
4167,26.886801,24,1,0.5180486,1
4168,26.116371,45,1,0.5180486,2
4169,26.736644,3,1,0.5180486,3
4170,14.649657,43,1,0.5180486,4
4171,22.749061,72,1,0.5180486,0
4172,25.519986,83,1,0.5180486,1
4173,23.502403,51,1,0.5180486,2
4174,25.166615,95,1,0.5180486,3
4175,27.223583,31,1,0.5180486,4
4176,-9.95968,250,0,0.5180486,0
4177,-17.498818,250,0,0.5180486,0
4178,-11.594182,250,0,0.5180486,0
4179,26.685507,17,1,0.5180486,1
4180,19.989036,98,1,0.5180486,2
4181,25.964805,28,1,0.5180486,3
4182,27.644408,20,1,0.5180486,4
4183,27.020995,24,1,0.5180486,0
4184,-225.982954,250,0,0.5180486,0
4185,-12.349753,250,0,0.5180486,0
4186,27.274101,36,1,0.5180486,1
4187,-14.076679,250,0,0.5180486,0
4188,21.517786,39,1,0.5180486,1
4189,27.953362,50,1,0.5180486,2
4190,28.937351,21,1,0.5180486,3
4191,29.004982,10,1,0.5180486,4
4192,19.266438,99,1,0.5180486,0
4193,30.850143,15,1,0.5180486,1
4194,-35.259135,250,0,0.5180486,0
4195,30.919478,26,1,0.5180486,1
4196,27.684721,26,1,0.5180486,2
4197,-16.849928,250,0,0.5180486,0
4198,-24.9777,250,0,0.5180486,0
4199,15.106051,86,1,0.5180486,1
4200,4.859127,62,1,0.5180486,2
4201,29.14743,21,1,0.5180486,3
4202,-20.488631,250,0,0.5180486,0
4203,-108.926318,250,0,0.5180486,0
4204,-35.447505,250,0,0.5180486,0
4205,29.744309,21,1,0.5180486,1
4206,-22.193092,250,0,0.5180486,0
4207,-17.969264,70,1,0.5180486,1
4208,-15.834196,250,0,0.5180486,0
4209,16.232738,96,1,0.5180486,1
4210,30.694731,15,1,0.5180486,2
4211,29.472069,19,1,0.5180486,3
4212,21.169217,37,1,0.5180486,4
4213,-11.628406,250,0,0.5180486,0
4214,25.326005,41,1,0.5180486,1
4215,25.290411,60,1,0.5180486,2
4216,11.031281,41,1,0.5180486,3
4217,13.971651,138,1,0.5180486,4
4218,20.978076,120,1,0.5180486,0
4219,25.423251,41,1,0.5180486,1
4220,-14.804548,250,0,0.5180486,0
4221,27.860086,20,1,0.5180486,1
4222,29.317848,24,1,0.5180486,2
4223,28.409437,27,1,0.5180486,3
4224,29.74785,9,1,0.5180486,4
4225,-242.799276,250,0,0.5180486,0
4226,25.80047,37,1,0.5180486,1
4227,-18.066682,250,0,0.5180486,0
4228,29.83758,33,1,0.5180486,1
4229,25.605944,27,1,0.5180486,2
4230,-134.915371,250,0,0.5180486,0
4231,-8.452262,250,0,0.5180486,0
4232,24.302874,45,1,0.5180486,1
4233,1.204967,71,1,0.5180486,2
4234,28.58851,26,1,0.5180486,3
4235,6.531624,108,1,0.5180486,4
4236,26.526324,50,1,0.5180486,0
4237,-10.133027,250,0,0.5180486,0
4238,-18.239193,250,0,0.5180486,0
4239,-26.419595,250,0,0.5180486,0
4240,28.427488,13,1,0.5180486,1
4241,-50.870753,207,1,0.5180486,2
4242,27.013038,43,1,0.5180486,3
4243,-12.936601,250,0,0.5180486,0
4244,17.828685,49,1,0.5180486,1
4245,25.81707,47,1,0.5180486,2
4246,27.818219,9,1,0.5180486,3
4247,-25.046577,250,0,0.5180486,0
4248,24.668574,31,1,0.5180486,1
4249,23.455947,51,1,0.5180486,2
4250,27.790404,22,1,0.5180486,3
4251,11.614209,35,1,0.5180486,4
4252,23.79874,74,1,0.5180486,0
4253,-73.618509,250,0,0.5180486,0
4254,-19.704349,250,0,0.5180486,0
4255,25.42664,18,1,0.5180486,1
4256,-56.844986,250,0,0.5180486,0
4257,-25.462564,250,0,0.5180486,0
4258,-16.235043,250,0,0.5180486,0
4259,-22.34506,250,0,0.5180486,0
4260,-13.523624,250,0,0.5180486,0
4261,28.519501,24,1,0.5180486,1
4262,-163.68594,250,0,0.5180486,0
4263,20.099378,50,1,0.5180486,1
4264,-25.202304,250,0,0.5180486,0
4265,-56.446788,250,0,0.5180486,0
4266,-20.526127,250,0,0.5180486,0
4267,-193.756931,250,0,0.5180486,0
4268,-12.139969,250,0,0.5180486,0
4269,28.670602,27,1,0.5180486,1
4270,-72.402221,250,0,0.5180486,0
4271,26.445318,23,1,0.5180486,1
4272,23.569662,29,1,0.5180486,2
4273,26.106338,29,1,0.5180486,3
4274,27.145751,35,1,0.5180486,4
4275,-22.274982,250,0,0.5180486,0
4276,20.837843,50,1,0.5180486,1
4277,-23.430878,250,0,0.5180486,0
4278,27.927136,8,1,0.5180486,1
4279,-6.640791,63,1,0.5180486,2
4280,23.229727,48,1,0.5180486,3
4281,-25.627465,250,0,0.5180486,0
4282,-38.329056,250,0,0.5180486,0
4283,29.036985,24,1,0.5180486,1
4284,20.494788,86,1,0.5180486,2
4285,20.118107,35,1,0.5180486,3
4286,24.733278,86,1,0.5180486,4
4287,-16.064797,250,0,0.5180486,0
4288,-29.396464,250,0,0.5180486,0
4289,29.604265,24,1,0.5180486,1
4290,-37.958814,250,0,0.5180486,0
4291,29.104545,22,1,0.5180486,1
4292,-20.782123,250,0,0.5180486,0
4293,25.317242,39,1,0.5180486,1
4294,27.734375,35,1,0.5180486,2
4295,27.761073,18,1,0.5180486,3
4296,29.859592,16,1,0.5180486,4
4297,-52.947718,250,0,0.5180486,0
4298,-26.342162,250,0,0.5180486,0
4299,30.238021,11,1,0.5180486,1
4300,28.773554,11,1,0.5180486,2
4301,28.639909,23,1,0.5180486,3
4302,-25.850072,250,0,0.5180486,0
4303,-24.446812,250,0,0.5180486,0
4304,-25.789511,250,0,0.5180486,0
4305,-13.933718,250,0,0.5180486,0
4306,27.944336,33,1,0.5180486,1
4307,30.353809,14,1,0.5180486,2
4308,29.710098,10,1,0.5180486,3
4309,26.272621,38,1,0.5180486,4
4310,-31.560858,250,0,0.5180486,0
4311,-243.330814,250,0,0.5180486,0
4312,27.901698,11,1,0.5180486,1
4313,25.018698,43,1,0.5180486,2
4314,13.320578,220,1,0.5180486,3
4315,24.449506,95,1,0.5180486,4
4316,28.367944,36,1,0.5180486,0
4317,-19.738544,250,0,0.5180486,0
4318,29.445882,7,1,0.5180486,1
4319,25.900241,36,1,0.5180486,2
4320,25.82573,2,1,0.5180486,3
4321,-20.167902,250,0,0.5180486,0
4322,26.747731,53,1,0.5180486,1
4323,23.916951,118,1,0.5180486,2
4324,13.864075,149,1,0.5180486,3
4325,19.97745,64,1,0.5180486,4
4326,-159.340989,250,0,0.5180486,0
4327,29.546302,26,1,0.5180486,1
4328,28.148346,15,1,0.5180486,2
4329,27.528299,30,1,0.5180486,3
4330,-34.882015,250,0,0.5180486,0
4331,27.382171,25,1,0.5180486,1
4332,20.288155,147,1,0.5180486,2
4333,25.545487,28,1,0.5180486,3
4334,28.626248,33,1,0.5180486,4
4335,28.624569,26,1,0.5180486,0
4336,-27.702777,250,0,0.5180486,0
4337,29.919589,10,1,0.5180486,1
4338,-15.158928,250,0,0.5180486,0
4339,-35.582399,250,0,0.5180486,0
4340,-15.116753,250,0,0.5180486,0
4341,25.328587,52,1,0.5180486,1
4342,30.207881,32,1,0.5180486,2
4343,30.574756,18,1,0.5180486,3
4344,27.409162,20,1,0.5180486,4
4345,-22.700224,250,0,0.5180486,0
4346,-21.708798,250,0,0.5180486,0
4347,28.925936,29,1,0.5180486,1
4348,-26.173154,250,0,0.5180486,0
4349,-18.685657,250,0,0.5180486,0
4350,28.316225,21,1,0.5180486,1
4351,27.650217,14,1,0.5180486,2
4352,-19.675734,250,0,0.5180486,0
4353,3.817417,81,1,0.5180486,1
4354,-16.227576,250,0,0.5180486,0
4355,25.011746,64,1,0.5180486,1
4356,-22.365444,250,0,0.5180486,0
4357,-23.567898,250,0,0.5180486,0
4358,24.250608,53,1,0.5180486,1
4359,27.615166,4,1,0.5180486,2
4360,21.419177,95,1,0.5180486,3
4361,22.923542,38,1,0.5180486,4
4362,-37.179049,250,0,0.5180486,0
4363,-14.971863,250,0,0.5180486,0
4364,21.211359,48,1,0.5180486,1
4365,26.399187,40,1,0.5180486,2
4366,28.122342,10,1,0.5180486,3
4367,28.804866,6,1,0.5180486,4
4368,28.853425,25,1,0.5180486,0
4369,26.49678,51,1,0.5180486,1
4370,27.99449,39,1,0.5180486,2
4371,-28.916994,250,0,0.5180486,0
4372,-24.032494,250,0,0.5180486,0
4373,28.866043,13,1,0.5180486,1
4374,-26.882764,250,0,0.5180486,0
4375,-14.796364,250,0,0.5180486,0
4376,25.096315,29,1,0.5180486,1
4377,25.775093,20,1,0.5180486,2
4378,21.163419,86,1,0.5180486,3
4379,20.439897,159,1,0.5180486,4
4380,-17.425887,250,0,0.5180486,0
4381,26.733485,6,1,0.5180486,1
4382,-17.392869,250,0,0.5180486,0
4383,29.478335,22,1,0.5180486,1
4384,26.860477,63,1,0.5180486,2
4385,-17.532942,250,0,0.5180486,0
4386,27.789329,14,1,0.5180486,1
4387,31.562088,12,1,0.5180486,2
4388,-34.066689,250,0,0.5180486,0
4389,30.235569,25,1,0.5180486,1
4390,27.065756,37,1,0.5180486,2
4391,30.373393,25,1,0.5180486,3
4392,-35.483016,250,0,0.5180486,0
4393,26.611258,26,1,0.5180486,1
4394,25.801432,35,1,0.5180486,2
4395,27.932626,12,1,0.5180486,3
4396,25.898463,19,1,0.5180486,4
4397,-30.88192,250,0,0.5180486,0
4398,-11.326574,250,0,0.5180486,0
4399,-21.423757,250,0,0.5180486,0
4400,22.242581,50,1,0.5180486,1
4401,30.633752,18,1,0.5180486,2
4402,18.222191,53,1,0.5180486,3
4403,29.550085,35,1,0.5180486,4
4404,-14.34252,250,0,0.5180486,0
4405,-14.549368,250,0,0.5180486,0
4406,-20.281633,250,0,0.5180486,0
4407,25.439622,3,1,0.5180486,1
4408,-17.319325,250,0,0.5180486,0
4409,24.225308,27,1,0.5180486,1
4410,24.275092,51,1,0.5180486,2
4411,30.330516,13,1,0.5180486,3
4412,-16.658696,250,0,0.5180486,0
4413,-19.138045,250,0,0.5180486,0
4414,24.077886,47,1,0.5180486,1
4415,27.291481,39,1,0.5180486,2
4416,25.41349,75,1,0.5180486,3
4417,-14.970001,250,0,0.5180486,0
4418,20.930911,54,1,0.5180486,1
4419,23.320431,36,1,0.5180486,2
4420,21.300574,105,1,0.5180486,3
4421,25.932954,42,1,0.5180486,4
4422,-17.620432,250,0,0.5180486,0
4423,11.835226,42,1,0.5180486,1
4424,-52.196884,250,0,0.5180486,0
4425,-29.423049,250,0,0.5180486,0
4426,19.542006,41,1,0.5180486,1
4427,25.447199,20,1,0.5180486,2
4428,15.413825,195,1,0.5180486,3
4429,2.993523,56,1,0.5180486,4
4430,25.503063,45,1,0.5180486,0
4431,-10.859204,250,0,0.5180486,0
4432,28.076903,27,1,0.5180486,1
4433,-30.909322,250,0,0.5180486,0
4434,27.358132,29,1,0.5180486,1
4435,26.134708,32,1,0.5180486,2
4436,29.196199,39,1,0.5180486,3
4437,23.031152,49,1,0.5180486,4
4438,22.947781,29,1,0.5180486,0
4439,-16.815587,250,0,0.5180486,0
4440,28.262487,19,1,0.5180486,1
4441,28.825898,25,1,0.5180486,2
4442,22.520485,43,1,0.5180486,3
4443,24.864219,50,1,0.5180486,4
4444,29.495975,19,1,0.5180486,0
4445,26.750409,62,1,0.5180486,1
4446,23.834278,62,1,0.5180486,2
4447,-250.372633,250,0,0.5180486,0
4448,28.655868,30,1,0.5180486,1
4449,22.047557,104,1,0.5180486,2
4450,14.559565,120,1,0.5180486,3
4451,-81.628079,136,1,0.5180486,4
4452,-18.565846,250,0,0.5180486,0
4453,30.830256,19,1,0.5180486,1
4454,19.794269,25,1,0.5180486,2
4455,27.898771,15,1,0.5180486,3
4456,-14.660228,250,0,0.5180486,0
4457,-34.086962,250,0,0.5180486,0
4458,26.758911,18,1,0.5180486,1
4459,29.969725,19,1,0.5180486,2
4460,29.12909,24,1,0.5180486,3
4461,29.42664,43,1,0.5180486,4
4462,17.20671,28,1,0.5180486,0
4463,25.000882,21,1,0.5180486,1
4464,-4.572962,152,1,0.5180486,2
4465,-29.37245,250,0,0.5180486,0
4466,12.619391,120,1,0.5180486,1
4467,18.755331,48,1,0.5180486,2
4468,24.043298,43,1,0.5180486,3
4469,10.007302,55,1,0.5180486,4
4470,20.123551,44,1,0.5180486,0
4471,12.87954,54,1,0.5180486,1
4472,-252.940036,250,0,0.5180486,0
4473,24.561197,21,1,0.5180486,1
4474,26.990329,25,1,0.5180486,2
4475,-22.058938,250,0,0.5180486,0
4476,17.18495,84,1,0.5180486,1
4477,-22.285005,250,0,0.5180486,0
4478,27.334526,53,1,0.5180486,1
4479,20.17449,35,1,0.5180486,2
4480,-23.729927,250,0,0.5180486,0
4481,24.759188,30,1,0.5180486,1
4482,-39.557055,250,0,0.5180486,0
4483,27.228432,34,1,0.5180486,1
4484,25.980968,87,1,0.5180486,2
4485,30.181924,25,1,0.5180486,3
4486,23.647376,42,1,0.5180486,4
4487,28.18859,55,1,0.5180486,0
4488,22.430632,49,1,0.5180486,1
4489,26.74852,5,1,0.5180486,2
4490,-218.672174,250,0,0.5180486,0
4491,30.477893,20,1,0.5180486,1
4492,-32.669171,250,0,0.5180486,0
4493,27.063788,13,1,0.5180486,1
4494,26.186356,33,1,0.5180486,2
4495,29.765013,8,1,0.5180486,3
4496,-20.962779,250,0,0.5180486,0
4497,25.420883,32,1,0.5180486,1
4498,-217.591554,250,0,0.5180486,0
4499,-18.761739,250,0,0.5180486,0
4500,28.719986,43,1,0.5180486,1
4501,25.432548,16,1,0.5180486,2
4502,29.509729,47,1,0.5180486,3
4503,-11.934535,250,0,0.5180486,0
4504,28.531144,27,1,0.5180486,1
4505,-16.536643,250,0,0.5180486,0
4506,25.766292,17,1,0.5180486,1
4507,27.201373,33,1,0.5180486,2
4508,21.06152,37,1,0.5180486,3
4509,27.102931,39,1,0.5180486,4
4510,-7.411654,234,1,0.5180486,0
4511,-15.275378,250,0,0.5180486,0
4512,-23.766692,250,0,0.5180486,0
4513,26.152896,43,1,0.5180486,1
4514,26.421061,31,1,0.5180486,2
4515,27.655145,4,1,0.5180486,3
4516,-67.466954,250,0,0.5180486,0
4517,28.819077,28,1,0.5180486,1
4518,-60.221035,250,0,0.5180486,0
4519,25.671388,6,1,0.5180486,1
4520,-61.136059,250,0,0.5180486,0
4521,29.663552,22,1,0.5180486,1
4522,26.765322,13,1,0.5180486,2
4523,-24.678807,250,0,0.5180486,0
4524,30.027316,31,1,0.5180486,1
4525,26.933115,51,1,0.5180486,2
4526,27.527902,38,1,0.5180486,3
4527,26.986724,40,1,0.5180486,4
4528,-26.722445,250,0,0.5180486,0
4529,26.906819,24,1,0.5180486,1
4530,31.015036,21,1,0.5180486,2
4531,16.523338,43,1,0.5180486,3
4532,-11.351643,250,0,0.5180486,0
4533,14.298205,37,1,0.5180486,1
4534,24.913433,38,1,0.5180486,2
4535,-29.557208,250,0,0.5180486,0
4536,-42.474114,250,0,0.5180486,0
4537,27.870376,42,1,0.5180486,1
4538,18.50075,65,1,0.5180486,2
4539,-16.097252,250,0,0.5180486,0
4540,-32.158163,250,0,0.5180486,0
4541,9.952042,64,1,0.5180486,1
4542,-18.566615,250,0,0.5180486,0
4543,28.696845,37,1,0.5180486,1
4544,24.071726,56,1,0.5180486,2
4545,21.915324,59,1,0.5180486,3
4546,27.959194,28,1,0.5180486,4
4547,11.563977,84,1,0.5180486,0
4548,29.686958,27,1,0.5180486,1
4549,27.350525,65,1,0.5180486,2
4550,28.874599,28,1,0.5180486,3
4551,28.873266,20,1,0.5180486,4
4552,20.523133,28,1,0.5180486,0
4553,23.353818,42,1,0.5180486,1
4554,30.049793,19,1,0.5180486,2
4555,-60.561599,250,0,0.5180486,0
4556,29.579509,22,1,0.5180486,1
4557,-11.617348,250,0,0.5180486,0
4558,-17.601323,250,0,0.5180486,0
4559,28.127334,22,1,0.5180486,1
4560,-49.001211,250,0,0.5180486,0
4561,23.683464,22,1,0.5180486,1
4562,28.705015,24,1,0.5180486,2
4563,-29.152756,250,0,0.5180486,0
4564,-24.553108,250,0,0.5180486,0
4565,28.995127,10,1,0.5180486,1
4566,25.108562,27,1,0.5180486,2
4567,-41.526078,250,0,0.5180486,0
4568,-2.043143,60,1,0.5180486,1
4569,25.263749,18,1,0.5180486,2
4570,25.134974,25,1,0.5180486,3
4571,30.447941,19,1,0.5180486,4
4572,-21.176135,250,0,0.5180486,0
4573,25.443259,39,1,0.5180486,1
4574,28.536602,13,1,0.5180486,2
4575,31.05838,16,1,0.5180486,3
4576,-14.997066,250,0,0.5180486,0
4577,12.355796,96,1,0.5180486,1
4578,21.056658,39,1,0.5180486,2
4579,-31.847899,250,0,0.5180486,0
4580,29.384637,24,1,0.5180486,1
4581,-29.687657,250,0,0.5180486,0
4582,27.300899,35,1,0.5180486,1
4583,30.189128,9,1,0.5180486,2
4584,-165.824394,250,0,0.5180486,0
4585,-14.401428,250,0,0.5180486,0
4586,26.311416,21,1,0.5180486,1
4587,25.76683,46,1,0.5180486,2
4588,32.377691,13,1,0.5180486,3
4589,28.926052,25,1,0.5180486,4
4590,29.133668,22,1,0.5180486,0
4591,5.309565,61,1,0.5180486,1
4592,-7.221443,56,1,0.5180486,2
4593,-160.690983,250,0,0.5180486,0
4594,20.70895,43,1,0.5180486,1
4595,-19.438124,250,0,0.5180486,0
4596,11.986551,221,1,0.5180486,1
4597,-45.400524,250,0,0.5180486,0
4598,19.908266,26,1,0.5180486,1
4599,-18.829061,250,0,0.5180486,0
4600,28.515057,39,1,0.5180486,1
4601,-13.409911,250,0,0.5180486,0
4602,29.802978,19,1,0.5180486,1
4603,-34.991325,250,0,0.5180486,0
4604,-55.707059,250,0,0.5180486,0
4605,15.918891,123,1,0.5180486,1
4606,30.5215,14,1,0.5180486,2
4607,6.233021,49,1,0.5180486,3
4608,-22.843675,250,0,0.5180486,0
4609,-19.231792,250,0,0.5180486,0
4610,23.247712,39,1,0.5180486,1
4611,18.704632,23,1,0.5180486,2
4612,26.128636,24,1,0.5180486,3
4613,-16.737566,250,0,0.5180486,0
4614,30.603097,17,1,0.5180486,1
4615,-27.493659,250,0,0.5180486,0
4616,25.980175,26,1,0.5180486,1
4617,23.462971,27,1,0.5180486,2
4618,27.859254,34,1,0.5180486,3
4619,26.031145,3,1,0.5180486,4
4620,24.763804,62,1,0.5180486,0
4621,29.878793,19,1,0.5180486,1
4622,19.051359,31,1,0.5180486,2
4623,-52.006726,250,0,0.5180486,0
4624,26.094673,9,1,0.5180486,1
4625,27.756252,18,1,0.5180486,2
4626,26.967918,27,1,0.5180486,3
4627,26.598102,4,1,0.5180486,4
4628,23.33884,49,1,0.5180486,0
4629,-87.062306,250,0,0.5180486,0
4630,29.527228,29,1,0.5180486,1
4631,30.102961,11,1,0.5180486,2
4632,24.21968,32,1,0.5180486,3
4633,-11.23659,250,0,0.5180486,0
4634,-25.463081,250,0,0.5180486,0
4635,-27.787422,122,1,0.5180486,1
4636,28.328997,21,1,0.5180486,2
4637,16.129419,22,1,0.5180486,3
4638,-19.232548,250,0,0.5180486,0
4639,-29.505169,250,0,0.5180486,0
4640,-128.642938,250,0,0.5180486,0
4641,15.681565,42,1,0.5180486,1
4642,25.133568,35,1,0.5180486,2
4643,24.526393,44,1,0.5180486,3
4644,-22.190006,250,0,0.5180486,0
4645,21.688295,41,1,0.5180486,1
4646,26.887907,38,1,0.5180486,2
4647,25.034531,35,1,0.5180486,3
4648,20.642071,48,1,0.5180486,4
4649,28.236517,50,1,0.5180486,0
4650,29.933426,20,1,0.5180486,1
4651,-23.682381,250,0,0.5180486,0
4652,30.530674,18,1,0.5180486,1
4653,30.48098,19,1,0.5180486,2
4654,20.236212,40,1,0.5180486,3
4655,-24.422986,250,0,0.5180486,0
4656,-18.059361,250,0,0.5180486,0
4657,-14.991618,250,0,0.5180486,0
4658,20.737562,37,1,0.5180486,1
4659,20.863423,133,1,0.5180486,2
4660,-16.266776,250,0,0.5180486,0
4661,25.113295,64,1,0.5180486,1
4662,26.997494,31,1,0.5180486,2
4663,28.798074,24,1,0.5180486,3
4664,29.285444,43,1,0.5180486,4
4665,-86.201533,250,0,0.5180486,0
4666,31.104693,13,1,0.5180486,1
4667,13.830084,214,1,0.5180486,2
4668,27.304087,52,1,0.5180486,3
4669,23.228656,33,1,0.5180486,4
4670,-26.021643,113,1,0.5180486,0
4671,-20.922325,250,0,0.5180486,0
4672,27.698446,28,1,0.5180486,1
4673,-66.367796,250,0,0.5180486,0
4674,-13.660287,250,0,0.5180486,0
4675,27.878809,35,1,0.5180486,1
4676,27.497265,18,1,0.5180486,2
4677,25.980481,23,1,0.5180486,3
4678,26.313943,37,1,0.5180486,4
4679,-14.364997,250,0,0.5180486,0
4680,26.315665,7,1,0.5180486,1
4681,-21.959293,169,1,0.5180486,2
4682,17.625638,161,1,0.5180486,3
4683,-209.3811,250,0,0.5180486,0
4684,14.508629,160,1,0.5180486,1
4685,23.80008,53,1,0.5180486,2
4686,30.329567,9,1,0.5180486,3
4687,25.804963,13,1,0.5180486,4
4688,31.240515,12,1,0.5180486,0
4689,-17.870056,250,0,0.5180486,0
4690,-12.647244,250,0,0.5180486,0
4691,29.352833,28,1,0.5180486,1
4692,-40.017529,114,1,0.5180486,2
4693,-12.907878,250,0,0.5180486,0
4694,25.579901,55,1,0.5180486,1
4695,-15.379537,250,0,0.5180486,0
4696,20.227837,51,1,0.5180486,1
4697,28.202001,31,1,0.5180486,2
4698,29.111575,10,1,0.5180486,3
4699,20.373248,48,1,0.5180486,4
4700,-31.090953,250,0,0.5180486,0
4701,25.465444,50,1,0.5180486,1
4702,25.432963,31,1,0.5180486,2
4703,28.312008,14,1,0.5180486,3
4704,-20.630726,250,0,0.5180486,0
4705,30.140023,12,1,0.5180486,1
4706,28.84861,32,1,0.5180486,2
4707,22.259217,45,1,0.5180486,3
4708,30.923631,13,1,0.5180486,4
4709,13.59425,35,1,0.5180486,0
4710,29.276589,16,1,0.5180486,1
4711,29.064348,12,1,0.5180486,2
4712,30.973556,15,1,0.5180486,3
4713,28.880192,6,1,0.5180486,4
4714,-44.792801,250,0,0.5180486,0
4715,30.12875,23,1,0.5180486,1
4716,22.925209,38,1,0.5180486,2
4717,29.268055,23,1,0.5180486,3
4718,28.647145,30,1,0.5180486,4
4719,-26.09733,250,0,0.5180486,0
4720,-16.96528,250,0,0.5180486,0
4721,28.003759,38,1,0.5180486,1
4722,30.145193,13,1,0.5180486,2
4723,27.774823,32,1,0.5180486,3
4724,27.68735,23,1,0.5180486,4
4725,0.140803,203,1,0.5180486,0
4726,-15.465762,250,0,0.5180486,0
4727,23.271985,33,1,0.5180486,1
4728,-200.205375,250,0,0.5180486,0
4729,-17.956998,250,0,0.5180486,0
4730,-11.065166,250,0,0.5180486,0
4731,-46.619924,250,0,0.5180486,0
4732,29.321866,26,1,0.5180486,1
4733,11.083752,98,1,0.5180486,2
4734,24.932032,15,1,0.5180486,3
4735,17.034259,63,1,0.5180486,4
4736,11.311062,176,1,0.5180486,0
4737,-13.613154,250,0,0.5180486,0
4738,29.319348,23,1,0.5180486,1
4739,-11.776158,250,0,0.5180486,0
4740,26.64764,23,1,0.5180486,1
4741,28.965578,21,1,0.5180486,2
4742,20.148717,21,1,0.5180486,3
4743,16.222416,198,1,0.5180486,4
4744,15.61541,77,1,0.5180486,0
4745,27.240744,51,1,0.5180486,1
4746,-20.240004,250,0,0.5180486,0
4747,26.923012,42,1,0.5180486,1
4748,10.823588,34,1,0.5180486,2
4749,4.867259,54,1,0.5180486,3
4750,28.988522,50,1,0.5180486,4
4751,20.127071,48,1,0.5180486,0
4752,-23.276502,250,0,0.5180486,0
4753,30.620895,18,1,0.5180486,1
4754,28.909694,21,1,0.5180486,2
4755,28.074847,27,1,0.5180486,3
4756,-19.213177,250,0,0.5180486,0
4757,18.430893,27,1,0.5180486,1
4758,27.981616,35,1,0.5180486,2
4759,27.868587,16,1,0.5180486,3
4760,22.574529,85,1,0.5180486,4
4761,-24.876461,250,0,0.5180486,0
4762,23.752457,74,1,0.5180486,1
4763,29.391574,21,1,0.5180486,2
4764,25.16844,46,1,0.5180486,3
4765,29.033081,30,1,0.5180486,4
4766,26.974196,26,1,0.5180486,0
4767,20.062065,38,1,0.5180486,1
4768,28.527062,23,1,0.5180486,2
4769,29.164343,14,1,0.5180486,3
4770,-15.622113,250,0,0.5180486,0
4771,28.010354,19,1,0.5180486,1
4772,28.907272,30,1,0.5180486,2
4773,-21.329987,250,0,0.5180486,0
4774,26.01664,61,1,0.5180486,1
4775,-132.646599,250,0,0.5180486,0
4776,25.00581,26,1,0.5180486,1
4777,-199.830361,250,0,0.5180486,0
4778,29.515087,11,1,0.5180486,1
4779,-22.678961,250,0,0.5180486,0
4780,-17.611627,250,0,0.5180486,0
4781,26.547088,31,1,0.5180486,1
4782,28.17033,14,1,0.5180486,2
4783,24.657997,63,1,0.5180486,3
4784,14.101493,33,1,0.5180486,4
4785,26.130401,52,1,0.5180486,0
4786,-20.764671,250,0,0.5180486,0
4787,-177.920106,250,0,0.5180486,0
4788,25.615972,34,1,0.5180486,1
4789,7.252277,62,1,0.5180486,2
4790,29.358239,13,1,0.5180486,3
4791,-20.078769,250,0,0.5180486,0
4792,19.493508,23,1,0.5180486,1
4793,-25.724792,250,0,0.5180486,0
4794,-12.416522,250,0,0.5180486,0
4795,-41.546489,250,0,0.5180486,0
4796,22.266798,44,1,0.5180486,1
4797,25.775847,15,1,0.5180486,2
4798,-21.751318,250,0,0.5180486,0
4799,19.09365,90,1,0.5180486,1
4800,9.77669,70,1,0.5180486,2
4801,-16.447355,250,0,0.5180486,0
4802,-38.472698,250,0,0.5180486,0
4803,26.86307,43,1,0.5180486,1
4804,28.229469,37,1,0.5180486,2
4805,30.898448,11,1,0.5180486,3
4806,20.744366,59,1,0.5180486,4
4807,-189.315162,250,0,0.5180486,0
4808,26.33051,48,1,0.5180486,1
4809,-21.233021,250,0,0.5180486,0
4810,26.004004,49,1,0.5180486,1
4811,27.342721,26,1,0.5180486,2
4812,29.895634,22,1,0.5180486,3
4813,22.729377,37,1,0.5180486,4
4814,29.234721,19,1,0.5180486,0
4815,-21.546183,250,0,0.5180486,0
4816,-33.197476,250,0,0.5180486,0
4817,26.629474,34,1,0.5180486,1
4818,24.251787,26,1,0.5180486,2
4819,14.988743,41,1,0.5180486,3
4820,24.810911,101,1,0.5180486,4
4821,27.895256,24,1,0.5180486,0
4822,-25.685409,250,0,0.5180486,0
4823,28.397176,23,1,0.5180486,1
4824,26.868149,38,1,0.5180486,2
4825,-17.899591,250,0,0.5180486,0
4826,-15.921767,250,0,0.5180486,0
4827,26.178999,19,1,0.5180486,1
4828,27.52424,45,1,0.5180486,2
4829,26.282393,21,1,0.5180486,3
4830,15.173101,69,1,0.5180486,4
4831,19.370295,57,1,0.5180486,0
4832,20.514702,91,1,0.5180486,1
4833,-78.327624,250,0,0.5180486,0
4834,27.586707,31,1,0.5180486,1
4835,27.964095,16,1,0.5180486,2
4836,28.616682,25,1,0.5180486,3
4837,24.685226,66,1,0.5180486,4
4838,26.148372,79,1,0.5180486,0
4839,26.06727,21,1,0.5180486,1
4840,24.355896,48,1,0.5180486,2
4841,-21.175379,250,0,0.5180486,0
4842,-1.025768,187,1,0.5180486,1
4843,26.937518,37,1,0.5180486,2
4844,27.760285,21,1,0.5180486,3
4845,26.600589,30,1,0.5180486,4
4846,27.498525,62,1,0.5180486,0
4847,25.193346,20,1,0.5180486,1
4848,-19.020399,250,0,0.5180486,0
4849,23.684223,17,1,0.5180486,1
4850,16.078993,37,1,0.5180486,2
4851,-16.458704,250,0,0.5180486,0
4852,-14.460435,250,0,0.5180486,0
4853,-23.428929,250,0,0.5180486,0
4854,27.523449,42,1,0.5180486,1
4855,28.547937,53,1,0.5180486,2
4856,27.032915,45,1,0.5180486,3
4857,28.189182,16,1,0.5180486,4
4858,27.526056,11,1,0.5180486,0
4859,23.008484,56,1,0.5180486,1
4860,15.370339,65,1,0.5180486,2
4861,-58.62906,178,1,0.5180486,3
4862,-16.290746,250,0,0.5180486,0
4863,29.716256,28,1,0.5180486,1
4864,18.544602,44,1,0.5180486,2
4865,-6.234039,46,1,0.5180486,3
4866,-34.365343,250,0,0.5180486,0
4867,-50.189955,250,0,0.5180486,0
4868,-24.910784,250,0,0.5180486,0
4869,25.000609,24,1,0.5180486,1
4870,-14.787878,250,0,0.5180486,0
4871,-15.659506,250,0,0.5180486,0
4872,21.697305,151,1,0.5180486,1
4873,26.137877,12,1,0.5180486,2
4874,-13.41123,250,0,0.5180486,0
4875,28.012279,24,1,0.5180486,1
4876,28.004614,23,1,0.5180486,2
4877,-13.455552,250,0,0.5180486,0
4878,23.084223,49,1,0.5180486,1
4879,-62.426169,212,1,0.5180486,2
4880,26.451202,19,1,0.5180486,3
4881,-21.232484,250,0,0.5180486,0
4882,27.427365,20,1,0.5180486,1
4883,27.482249,33,1,0.5180486,2
4884,27.667572,57,1,0.5180486,3
4885,-19.937541,250,0,0.5180486,0
4886,27.92874,12,1,0.5180486,1
4887,30.399112,10,1,0.5180486,2
4888,-33.973435,250,0,0.5180486,0
4889,25.427063,69,1,0.5180486,1
4890,-22.259528,250,0,0.5180486,0
4891,-36.052525,250,0,0.5180486,0
4892,-12.426941,250,0,0.5180486,0
4893,8.528621,230,1,0.5180486,1
4894,26.998409,3,1,0.5180486,2
4895,27.50134,22,1,0.5180486,3
4896,27.323695,47,1,0.5180486,4
4897,-25.617406,250,0,0.5180486,0
4898,27.574396,10,1,0.5180486,1
4899,-16.019923,250,0,0.5180486,0
4900,29.026055,10,1,0.5180486,1
4901,9.774689,197,1,0.5180486,2
4902,27.374287,4,1,0.5180486,3
4903,22.245925,40,1,0.5180486,4
4904,-21.542231,250,0,0.5180486,0
4905,20.946601,48,1,0.5180486,1
4906,21.319193,76,1,0.5180486,2
4907,16.497983,231,1,0.5180486,3
4908,-57.761454,250,0,0.5180486,0
4909,26.033016,29,1,0.5180486,1
4910,-173.514633,250,0,0.5180486,0
4911,-10.780402,250,0,0.5180486,0
4912,-13.812779,250,0,0.5180486,0
4913,22.010549,39,1,0.5180486,1
4914,23.632959,37,1,0.5180486,2
4915,-13.94873,250,0,0.5180486,0
4916,26.14273,16,1,0.5180486,1
4917,15.600218,52,1,0.5180486,2
4918,28.499695,23,1,0.5180486,3
4919,26.60551,4,1,0.5180486,4
4920,27.378542,23,1,0.5180486,0
4921,18.79569,47,1,0.5180486,1
4922,28.498532,19,1,0.5180486,2
4923,-22.414646,250,0,0.5180486,0
4924,15.904851,106,1,0.5180486,1
4925,30.978183,12,1,0.5180486,2
4926,-110.334001,250,0,0.5180486,0
4927,21.784993,23,1,0.5180486,1
4928,-36.045261,250,0,0.5180486,0
4929,-49.315796,250,0,0.5180486,0
4930,-7.223162,250,0,0.5180486,0
4931,24.649493,38,1,0.5180486,1
4932,26.432372,20,1,0.5180486,2
4933,28.585696,6,1,0.5180486,3
4934,25.357928,32,1,0.5180486,4
4935,27.452775,25,1,0.5180486,0
4936,-43.656424,250,0,0.5180486,0
4937,30.057567,15,1,0.5180486,1
4938,27.548325,44,1,0.5180486,2
4939,20.092185,59,1,0.5180486,3
4940,-17.974708,250,0,0.5180486,0
4941,24.161883,32,1,0.5180486,1
4942,22.025324,106,1,0.5180486,2
4943,8.569539,73,1,0.5180486,3
4944,4.58852,62,1,0.5180486,4
4945,25.255877,55,1,0.5180486,0
4946,-125.097003,250,0,0.5180486,0
4947,28.144311,22,1,0.5180486,1
4948,-109.727376,250,0,0.5180486,0
4949,31.604827,15,1,0.5180486,1
4950,28.166642,40,1,0.5180486,2
4951,20.203587,37,1,0.5180486,3
4952,27.197134,45,1,0.5180486,4
4953,17.627888,71,1,0.5180486,0
4954,7.846717,62,1,0.5180486,1
4955,-1.847997,66,1,0.5180486,2
4956,-22.940383,250,0,0.5180486,0
4957,25.939811,18,1,0.5180486,1
4958,26.914933,42,1,0.5180486,2
4959,28.727401,8,1,0.5180486,3
4960,23.904742,37,1,0.5180486,4
4961,-1.970341,90,1,0.5180486,0
4962,18.173775,43,1,0.5180486,1
4963,22.660637,51,1,0.5180486,2
4964,27.767237,4,1,0.5180486,3
4965,29.698358,13,1,0.5180486,4
4966,24.284898,36,1,0.5180486,0
4967,29.238702,24,1,0.5180486,1
4968,28.243861,28,1,0.5180486,2
4969,24.479609,42,1,0.5180486,3
4970,27.00152,24,1,0.5180486,4
4971,22.197818,53,1,0.5180486,0
4972,-27.561044,250,0,0.5180486,0
4973,-16.581547,250,0,0.5180486,0
4974,9.784306,75,1,0.5180486,1
4975,-21.047657,70,1,0.5180486,2
4976,-24.570479,250,0,0.5180486,0
4977,30.762767,20,1,0.5180486,1
4978,29.700008,28,1,0.5180486,2
4979,14.199364,29,1,0.5180486,3
4980,29.63726,10,1,0.5180486,4
4981,24.2877,36,1,0.5180486,0
4982,25.569684,37,1,0.5180486,1
4983,30.251715,8,1,0.5180486,2
4984,30.213985,19,1,0.5180486,3
4985,9.233324,54,1,0.5180486,4
4986,24.216093,29,1,0.5180486,0
4987,26.323675,78,1,0.5180486,1
4988,22.842653,58,1,0.5180486,2
4989,5.44904,179,1,0.5180486,3
4990,-14.417298,250,0,0.5180486,0
4991,21.71657,40,1,0.5180486,1
4992,23.754633,31,1,0.5180486,2
4993,25.821255,34,1,0.5180486,3
4994,27.270209,43,1,0.5180486,4
4995,28.567498,12,1,0.5180486,0
4996,10.259711,50,1,0.5180486,1
4997,25.721948,27,1,0.5180486,2
4998,27.011159,12,1,0.5180486,3
4999,27.324668,14,1,0.5180486,4
5000,28.104894,17,1,0.5180486,0
5001,-146.135074,250,0,0.5180486,0
5002,12.368843,42,1,0.5180486,1
5003,18.740245,40,1,0.5180486,2
5004,25.974396,14,1,0.5180486,3
5005,16.252322,40,1,0.5180486,4
5006,27.90479,27,1,0.5180486,0
5007,27.031553,34,1,0.5180486,1
5008,-40.437618,250,0,0.5180486,0
5009,-11.897716,250,0,0.5180486,0
5010,29.29533,9,1,0.5180486,1
5011,26.992398,31,1,0.5180486,2
5012,25.73827,57,1,0.5180486,3
5013,23.912554,22,1,0.5180486,4
5014,10.659969,217,1,0.5180486,0
5015,-57.472231,250,0,0.5180486,0
5016,-9.746903,250,0,0.5180486,0
5017,31.167665,20,1,0.5180486,1
5018,28.550631,35,1,0.5180486,2
5019,-22.639441,250,0,0.5180486,0
5020,26.114012,72,1,0.5180486,1
5021,23.27957,32,1,0.5180486,2
5022,-13.610014,250,0,0.5180486,0
5023,26.366038,25,1,0.5180486,1
5024,16.686143,101,1,0.5180486,2
5025,30.46652,19,1,0.5180486,3
5026,27.692335,33,1,0.5180486,4
5027,-247.237036,250,0,0.5180486,0
5028,28.396228,17,1,0.5180486,1
5029,-39.196308,250,0,0.5180486,0
5030,30.085412,9,1,0.5180486,1
5031,28.790259,20,1,0.5180486,2
5032,28.84751,27,1,0.5180486,3
5033,18.601265,77,1,0.5180486,4
5034,30.234648,29,1,0.5180486,0
5035,19.887385,35,1,0.5180486,1
5036,-69.169674,250,0,0.5180486,0
5037,24.070306,34,1,0.5180486,1
5038,27.21525,36,1,0.5180486,2
5039,-11.543994,250,0,0.5180486,0
5040,22.47637,33,1,0.5180486,1
5041,29.050129,24,1,0.5180486,2
5042,27.924132,15,1,0.5180486,3
5043,27.686896,20,1,0.5180486,4
5044,27.757929,56,1,0.5180486,0
5045,16.409921,46,1,0.5180486,1
5046,22.070065,27,1,0.5180486,2
5047,16.34231,55,1,0.5180486,3
5048,-27.367567,250,0,0.5180486,0
5049,26.486401,33,1,0.5180486,1
5050,27.854073,23,1,0.5180486,2
5051,-6.587668,250,0,0.5180486,0
5052,29.932152,29,1,0.5180486,1
5053,-27.849726,250,0,0.5180486,0
5054,29.468266,17,1,0.5180486,1
5055,25.477784,27,1,0.5180486,2
5056,-18.814748,250,0,0.5180486,0
5057,29.748467,12,1,0.5180486,1
5058,30.467937,10,1,0.5180486,2
5059,28.082204,24,1,0.5180486,3
5060,28.102277,6,1,0.5180486,4
5061,23.321518,45,1,0.5180486,0
5062,27.428051,23,1,0.5180486,1
5063,-12.156679,250,0,0.5180486,0
5064,29.044197,10,1,0.5180486,1
5065,24.28722,43,1,0.5180486,2
5066,-2.67282,63,1,0.5180486,3
5067,29.14754,25,1,0.5180486,4
5068,-110.314221,250,0,0.5180486,0
5069,25.850729,45,1,0.5180486,1
5070,-18.638604,250,0,0.5180486,0
5071,26.470171,41,1,0.5180486,1
5072,27.664008,50,1,0.5180486,2
5073,26.746646,11,1,0.5180486,3
5074,29.598848,34,1,0.5180486,4
5075,-39.307214,250,0,0.5180486,0
5076,-251.911518,250,0,0.5180486,0
5077,26.942222,4,1,0.5180486,1
5078,30.226224,23,1,0.5180486,2
5079,28.365138,24,1,0.5180486,3
5080,-20.735758,250,0,0.5180486,0
5081,-36.436879,250,0,0.5180486,0
5082,26.475273,50,1,0.5180486,1
5083,-14.052176,250,0,0.5180486,0
5084,-27.430379,250,0,0.5180486,0
5085,26.451683,32,1,0.5180486,1
5086,29.346569,15,1,0.5180486,2
5087,25.402478,35,1,0.5180486,3
5088,-70.293875,250,0,0.5180486,0
5089,-158.01287,250,0,0.5180486,0
5090,17.145584,138,1,0.5180486,1
5091,24.51314,50,1,0.5180486,2
5092,27.254173,42,1,0.5180486,3
5093,26.30081,41,1,0.5180486,4
5094,14.751584,83,1,0.5180486,0
5095,-24.029314,250,0,0.5180486,0
5096,29.916343,9,1,0.5180486,1
5097,-11.585819,250,0,0.5180486,0
5098,-18.961794,250,0,0.5180486,0
5099,25.08868,22,1,0.5180486,1
5100,24.438885,36,1,0.5180486,2
5101,16.038241,119,1,0.5180486,3
5102,30.447302,16,1,0.5180486,4
5103,-39.148599,250,0,0.5180486,0
5104,29.817062,17,1,0.5180486,1
5105,-23.827242,250,0,0.5180486,0
5106,30.244358,15,1,0.5180486,1
5107,-21.249429,250,0,0.5180486,0
5108,28.860476,13,1,0.5180486,1
5109,-21.84229,250,0,0.5180486,0
5110,28.248771,21,1,0.5180486,1
5111,-46.092465,250,0,0.5180486,0
5112,-15.324663,250,0,0.5180486,0
5113,26.585905,30,1,0.5180486,1
5114,25.49169,21,1,0.5180486,2
5115,29.660256,17,1,0.5180486,3
5116,27.738011,19,1,0.5180486,4
5117,24.327226,38,1,0.5180486,0
5118,28.202072,21,1,0.5180486,1
5119,30.47834,15,1,0.5180486,2
5120,21.850282,65,1,0.5180486,3
5121,24.836803,27,1,0.5180486,4
5122,28.124146,42,1,0.5180486,0
5123,26.376696,19,1,0.5180486,1
5124,27.727782,22,1,0.5180486,2
5125,28.802971,34,1,0.5180486,3
5126,26.418778,44,1,0.5180486,4
5127,30.106919,14,1,0.5180486,0
5128,12.310252,61,1,0.5180486,1
5129,29.649187,8,1,0.5180486,2
5130,-15.126248,250,0,0.5180486,0
5131,-77.829566,250,0,0.5180486,0
5132,-24.949494,250,0,0.5180486,0
5133,23.906898,57,1,0.5180486,1
5134,28.61577,19,1,0.5180486,2
5135,23.730248,53,1,0.5180486,3
5136,-15.592704,250,0,0.5180486,0
5137,27.903457,23,1,0.5180486,1
5138,20.262835,49,1,0.5180486,2
5139,29.028725,27,1,0.5180486,3
5140,-30.768564,250,0,0.5180486,0
5141,27.363629,26,1,0.5180486,1
5142,-14.949003,250,0,0.5180486,0
5143,-274.368878,250,0,0.5180486,0
5144,31.044346,10,1,0.5180486,1
5145,12.497114,213,1,0.5180486,2
5146,7.599032,33,1,0.5180486,3
5147,28.702429,18,1,0.5180486,4
5148,-25.606424,250,0,0.5180486,0
5149,24.763712,40,1,0.5180486,1
5150,27.389841,22,1,0.5180486,2
5151,30.646211,16,1,0.5180486,3
5152,28.288452,41,1,0.5180486,4
5153,-25.822489,250,0,0.5180486,0
5154,26.199435,48,1,0.5180486,1
5155,21.076903,50,1,0.5180486,2
5156,-13.477462,250,0,0.5180486,0
5157,-21.388223,250,0,0.5180486,0
5158,26.128002,26,1,0.5180486,1
5159,29.247684,38,1,0.5180486,2
5160,-14.269889,250,0,0.5180486,0
5161,-19.334284,250,0,0.5180486,0
5162,-17.363749,250,0,0.5180486,0
5163,28.611216,30,1,0.5180486,1
5164,-18.825325,250,0,0.5180486,0
5165,24.420542,43,1,0.5180486,1
5166,27.54605,19,1,0.5180486,2
5167,-21.308072,250,0,0.5180486,0
5168,18.68607,45,1,0.5180486,1
5169,15.356831,76,1,0.5180486,2
5170,31.273582,13,1,0.5180486,3
5171,25.277515,18,1,0.5180486,4
5172,-18.059594,250,0,0.5180486,0
5173,30.502053,13,1,0.5180486,1
5174,-16.748622,250,0,0.5180486,0
5175,26.155828,30,1,0.5180486,1
5176,-20.255372,250,0,0.5180486,0
5177,27.27466,44,1,0.5180486,1
5178,-41.423736,250,0,0.5180486,0
5179,7.121552,79,1,0.5180486,1
5180,-28.005143,250,0,0.5180486,0
5181,0.414632,188,1,0.5180486,1
5182,29.763061,23,1,0.5180486,2
5183,-17.10725,250,0,0.5180486,0
5184,4.565581,62,1,0.5180486,1
5185,30.315877,11,1,0.5180486,2
5186,30.396823,21,1,0.5180486,3
5187,26.535387,29,1,0.5180486,4
5188,-21.182289,250,0,0.5180486,0
5189,26.822703,46,1,0.5180486,1
5190,20.690288,46,1,0.5180486,2
5191,30.394828,10,1,0.5180486,3
5192,31.409488,17,1,0.5180486,4
5193,26.494397,45,1,0.5180486,0
5194,-24.501452,250,0,0.5180486,0
5195,-34.564912,250,0,0.5180486,0
5196,25.178793,32,1,0.5180486,1
5197,16.002773,37,1,0.5180486,2
5198,24.267541,32,1,0.5180486,3
5199,-18.270648,250,0,0.5180486,0
5200,15.821549,22,1,0.5180486,1
5201,28.847968,41,1,0.5180486,2
5202,29.912476,22,1,0.5180486,3
5203,-15.208352,250,0,0.5180486,0
5204,26.919679,19,1,0.5180486,1
5205,-20.711768,250,0,0.5180486,0
5206,25.55941,28,1,0.5180486,1
5207,-18.037845,250,0,0.5180486,0
5208,8.638327,52,1,0.5180486,1
5209,-18.691613,250,0,0.5180486,0
5210,-15.264309,250,0,0.5180486,0
5211,-27.970645,250,0,0.5180486,0
5212,29.644957,23,1,0.5180486,1
5213,17.863284,24,1,0.5180486,2
5214,28.896118,17,1,0.5180486,3
5215,-23.784605,250,0,0.5180486,0
5216,-26.651104,250,0,0.5180486,0
5217,27.511942,9,1,0.5180486,1
5218,26.621585,3,1,0.5180486,2
5219,26.192558,28,1,0.5180486,3
5220,27.806264,8,1,0.5180486,4
5221,-299.322543,250,0,0.5180486,0
5222,-33.167079,250,0,0.5180486,0
5223,-47.764784,250,0,0.5180486,0
5224,-19.579966,250,0,0.5180486,0
5225,20.035225,54,1,0.5180486,1
5226,24.401805,25,1,0.5180486,2
5227,9.711789,65,1,0.5180486,3
5228,27.505608,66,1,0.5180486,4
5229,22.31526,56,1,0.5180486,0
5230,-51.372452,250,0,0.5180486,0
5231,-33.042675,250,0,0.5180486,0
5232,16.148168,37,1,0.5180486,1
5233,28.291501,17,1,0.5180486,2
5234,30.055166,16,1,0.5180486,3
5235,29.959866,7,1,0.5180486,4
5236,25.556079,11,1,0.5180486,0
5237,26.60952,19,1,0.5180486,1
5238,25.830644,6,1,0.5180486,2
5239,24.319169,44,1,0.5180486,3
5240,24.481903,26,1,0.5180486,4
5241,24.736791,30,1,0.5180486,0
5242,29.271251,29,1,0.5180486,1
5243,21.098188,26,1,0.5180486,2
5244,11.072451,81,1,0.5180486,3
5245,26.016395,33,1,0.5180486,4
5246,18.507828,160,1,0.5180486,0
5247,13.59695,168,1,0.5180486,1
5248,28.282865,36,1,0.5180486,2
5249,22.583171,43,1,0.5180486,3
5250,9.174123,69,1,0.5180486,4
5251,25.186468,55,1,0.5180486,0
5252,29.005683,18,1,0.5180486,1
5253,24.209481,75,1,0.5180486,2
5254,21.516083,48,1,0.5180486,3
5255,31.105107,15,1,0.5180486,4
5256,9.856316,53,1,0.5180486,0
5257,29.908134,19,1,0.5180486,1
5258,28.053409,26,1,0.5180486,2
5259,25.297854,7,1,0.5180486,3
5260,29.147896,43,1,0.5180486,4
5261,29.019221,27,1,0.5180486,0
5262,14.107432,21,1,0.5180486,1
5263,29.646952,26,1,0.5180486,2
5264,-37.958566,250,0,0.5180486,0
5265,27.872395,31,1,0.5180486,1
5266,-18.81763,250,0,0.5180486,0
5267,-20.268078,250,0,0.5180486,0
5268,25.908721,28,1,0.5180486,1
5269,21.470356,139,1,0.5180486,2
5270,-27.528937,250,0,0.5180486,0
5271,24.013538,32,1,0.5180486,1
5272,15.257551,155,1,0.5180486,2
5273,24.979389,25,1,0.5180486,3
5274,28.292821,23,1,0.5180486,4
5275,26.286738,50,1,0.5180486,0
5276,26.338413,21,1,0.5180486,1
5277,26.172231,19,1,0.5180486,2
5278,24.142177,39,1,0.5180486,3
5279,-25.685385,250,0,0.5180486,0
5280,-24.31746,250,0,0.5180486,0
5281,29.409423,27,1,0.5180486,1
5282,24.981975,42,1,0.5180486,2
5283,20.541059,67,1,0.5180486,3
5284,13.14241,47,1,0.5180486,4
5285,13.322248,79,1,0.5180486,0
5286,-23.130428,250,0,0.5180486,0
5287,-14.342698,250,0,0.5180486,0
5288,-28.507641,250,0,0.5180486,0
5289,8.2313,56,1,0.5180486,1
5290,29.124715,22,1,0.5180486,2
5291,25.967106,13,1,0.5180486,3
5292,22.340251,37,1,0.5180486,4
5293,-19.566941,69,1,0.5180486,0
5294,22.314254,36,1,0.5180486,1
5295,31.014255,19,1,0.5180486,2
5296,26.04561,17,1,0.5180486,3
5297,27.637074,21,1,0.5180486,4
5298,-55.704164,250,0,0.5180486,0
5299,24.398752,26,1,0.5180486,1
5300,-15.47319,250,0,0.5180486,0
5301,-27.511075,250,0,0.5180486,0
5302,21.809289,71,1,0.5180486,1
5303,30.300436,12,1,0.5180486,2
5304,30.182891,18,1,0.5180486,3
5305,18.865691,68,1,0.5180486,4
5306,-41.660967,250,0,0.5180486,0
5307,22.228947,33,1,0.5180486,1
5308,26.31794,42,1,0.5180486,2
5309,26.656446,16,1,0.5180486,3
5310,29.778078,12,1,0.5180486,4
5311,-2.047152,98,1,0.5180486,0
5312,-37.015931,250,0,0.5180486,0
5313,16.613799,24,1,0.5180486,1
5314,28.453226,14,1,0.5180486,2
5315,24.334794,26,1,0.5180486,3
5316,26.734593,35,1,0.5180486,4
5317,19.926534,26,1,0.5180486,0
5318,-11.991337,250,0,0.5180486,0
5319,25.582136,34,1,0.5180486,1
5320,26.954349,28,1,0.5180486,2
5321,-50.40651,250,0,0.5180486,0
5322,-28.676333,250,0,0.5180486,0
5323,-7.935399,194,1,0.5180486,1
5324,23.540651,44,1,0.5180486,2
5325,-14.681285,250,0,0.5180486,0
5326,22.524237,23,1,0.5180486,1
5327,18.354516,49,1,0.5180486,2
5328,30.179989,16,1,0.5180486,3
5329,-19.839109,250,0,0.5180486,0
5330,29.129289,20,1,0.5180486,1
5331,29.900414,25,1,0.5180486,2
5332,-21.442986,123,1,0.5180486,3
5333,28.169233,5,1,0.5180486,4
5334,28.010838,17,1,0.5180486,0
5335,-18.08199,250,0,0.5180486,0
5336,25.444312,44,1,0.5180486,1
5337,-216.285068,250,0,0.5180486,0
5338,28.536468,27,1,0.5180486,1
5339,17.304448,61,1,0.5180486,2
5340,25.006148,19,1,0.5180486,3
5341,-12.13337,250,0,0.5180486,0
5342,27.866244,24,1,0.5180486,1
5343,6.735185,59,1,0.5180486,2
5344,28.926894,32,1,0.5180486,3
5345,-145.402477,250,0,0.5180486,0
5346,27.621681,6,1,0.5180486,1
5347,21.663674,61,1,0.5180486,2
5348,-18.84447,250,0,0.5180486,0
5349,-18.464217,250,0,0.5180486,0
5350,25.634587,36,1,0.5180486,1
5351,31.475848,16,1,0.5180486,2
5352,-156.385622,250,0,0.5180486,0
5353,-36.031314,250,0,0.5180486,0
5354,-219.607236,250,0,0.5180486,0
5355,-81.043506,250,0,0.5180486,0
5356,-31.003339,250,0,0.5180486,0
5357,-24.696013,250,0,0.5180486,0
5358,24.982165,33,1,0.5180486,1
5359,27.479511,34,1,0.5180486,2
5360,17.630765,55,1,0.5180486,3
5361,-11.834437,250,0,0.5180486,0
5362,28.854594,8,1,0.5180486,1
5363,23.985795,35,1,0.5180486,2
5364,-23.62978,250,0,0.5180486,0
5365,27.579379,28,1,0.5180486,1
5366,29.923782,8,1,0.5180486,2
5367,-17.010927,250,0,0.5180486,0
5368,28.98379,7,1,0.5180486,1
5369,24.299428,26,1,0.5180486,2
5370,26.427755,27,1,0.5180486,3
5371,29.154484,29,1,0.5180486,4
5372,22.813291,32,1,0.5180486,0
5373,28.179018,20,1,0.5180486,1
5374,28.232353,11,1,0.5180486,2
5375,2.281406,233,1,0.5180486,3
5376,-17.375485,250,0,0.5180486,0
5377,16.778381,55,1,0.5180486,1
5378,-28.481757,250,0,0.5180486,0
5379,27.4987,30,1,0.5180486,1
5380,23.49289,41,1,0.5180486,2
5381,29.688431,14,1,0.5180486,3
5382,-24.174828,250,0,0.5180486,0
5383,-30.277459,250,0,0.5180486,0
5384,-102.570362,250,0,0.5180486,0
5385,-30.662646,250,0,0.5180486,0
5386,20.097376,135,1,0.5180486,1
5387,30.187649,22,1,0.5180486,2
5388,22.781325,17,1,0.5180486,3
5389,25.346111,36,1,0.5180486,4
5390,29.08938,24,1,0.5180486,0
5391,29.931606,23,1,0.5180486,1
5392,18.090354,49,1,0.5180486,2
5393,27.885377,29,1,0.5180486,3
5394,29.287493,40,1,0.5180486,4
5395,29.323291,36,1,0.5180486,0
5396,-5.307871,73,1,0.5180486,1
5397,27.697286,45,1,0.5180486,2
5398,17.750505,73,1,0.5180486,3
5399,29.399994,24,1,0.5180486,4
5400,30.695657,12,1,0.5180486,0
5401,-31.6058,250,0,0.5180486,0
5402,30.231476,20,1,0.5180486,1
5403,-15.230937,250,0,0.5180486,0
5404,29.717913,30,1,0.5180486,1
5405,28.117508,29,1,0.5180486,2
5406,-26.705739,250,0,0.5180486,0
5407,15.901353,215,1,0.5180486,1
5408,22.355168,142,1,0.5180486,2
5409,24.696134,58,1,0.5180486,3
5410,25.284894,29,1,0.5180486,4
5411,29.311721,20,1,0.5180486,0
5412,-24.270746,250,0,0.5180486,0
5413,23.213825,41,1,0.5180486,1
5414,-9.073565,69,1,0.5180486,2
5415,26.750875,32,1,0.5180486,3
5416,28.107265,19,1,0.5180486,4
5417,27.468588,37,1,0.5180486,0
5418,-16.238944,250,0,0.5180486,0
5419,-24.689852,250,0,0.5180486,0
5420,24.581276,56,1,0.5180486,1
5421,28.646272,12,1,0.5180486,2
5422,28.364689,33,1,0.5180486,3
5423,-29.2687,250,0,0.5180486,0
5424,-57.697754,250,0,0.5180486,0
5425,30.740567,11,1,0.5180486,1
5426,27.437654,13,1,0.5180486,2
5427,25.402153,30,1,0.5180486,3
5428,21.62493,100,1,0.5180486,4
5429,19.520255,37,1,0.5180486,0
5430,-20.518531,250,0,0.5180486,0
5431,28.969635,22,1,0.5180486,1
5432,25.736707,21,1,0.5180486,2
5433,27.675893,18,1,0.5180486,3
5434,28.377992,31,1,0.5180486,4
5435,21.701749,52,1,0.5180486,0
5436,26.286351,39,1,0.5180486,1
5437,-49.908659,250,0,0.5180486,0
5438,-26.761188,250,0,0.5180486,0
5439,14.621721,18,1,0.5180486,1
5440,-35.709047,250,0,0.5180486,0
5441,-16.281095,250,0,0.5180486,0
5442,30.392121,39,1,0.5180486,1
5443,-43.85432,250,0,0.5180486,0
5444,12.613241,154,1,0.5180486,1
5445,29.848249,15,1,0.5180486,2
5446,14.400755,52,1,0.5180486,3
5447,31.188563,12,1,0.5180486,4
5448,-161.983188,250,0,0.5180486,0
5449,29.433109,22,1,0.5180486,1
5450,28.709417,12,1,0.5180486,2
5451,25.629492,56,1,0.5180486,3
5452,13.265182,60,1,0.5180486,4
5453,-24.953376,250,0,0.5180486,0
5454,24.686702,29,1,0.5180486,1
5455,-72.737738,250,0,0.5180486,0
5456,-19.260298,250,0,0.5180486,0
5457,-226.78954,250,0,0.5180486,0
5458,28.948522,13,1,0.5180486,1
5459,30.122635,20,1,0.5180486,2
5460,20.916634,71,1,0.5180486,3
5461,28.012647,8,1,0.5180486,4
5462,-27.225943,250,0,0.5180486,0
5463,29.712548,14,1,0.5180486,1
5464,28.760649,35,1,0.5180486,2
5465,26.74027,21,1,0.5180486,3
5466,-59.514829,250,0,0.5180486,0
5467,24.027196,29,1,0.5180486,1
5468,29.061442,12,1,0.5180486,2
5469,29.515815,15,1,0.5180486,3
5470,-41.456221,250,0,0.5180486,0
5471,-28.144721,250,0,0.5180486,0
5472,-25.517608,250,0,0.5180486,0
5473,23.933167,37,1,0.5180486,1
5474,27.839203,11,1,0.5180486,2
5475,16.733355,167,1,0.5180486,3
5476,23.690105,24,1,0.5180486,4
5477,22.058789,75,1,0.5180486,0
5478,-27.520933,250,0,0.5180486,0
5479,-30.801034,250,0,0.5180486,0
5480,30.018217,13,1,0.5180486,1
5481,27.220309,17,1,0.5180486,2
5482,30.039561,16,1,0.5180486,3
5483,29.406661,23,1,0.5180486,4
5484,26.247875,22,1,0.5180486,0
5485,24.998574,35,1,0.5180486,1
5486,29.04751,23,1,0.5180486,2
5487,24.493331,12,1,0.5180486,3
5488,27.231475,40,1,0.5180486,4
5489,-17.65914,250,0,0.5180486,0
5490,0.802777,47,1,0.5180486,1
5491,27.324473,37,1,0.5180486,2
5492,-16.989694,250,0,0.5180486,0
5493,30.292445,23,1,0.5180486,1
5494,22.086332,55,1,0.5180486,2
5495,29.619981,25,1,0.5180486,3
5496,9.012358,32,1,0.5180486,4
5497,-18.45333,250,0,0.5180486,0
5498,-120.813795,250,0,0.5180486,0
5499,24.984735,12,1,0.5180486,1
5500,27.707972,16,1,0.5180486,2
5501,2.916269,40,1,0.5180486,3
5502,-14.523995,250,0,0.5180486,0
5503,24.176109,24,1,0.5180486,1
5504,16.017455,46,1,0.5180486,2
5505,29.89988,12,1,0.5180486,3
5506,-33.162189,250,0,0.5180486,0
5507,-29.339798,250,0,0.5180486,0
5508,-12.590472,250,0,0.5180486,0
5509,-14.902175,250,0,0.5180486,0
5510,-30.879841,250,0,0.5180486,0
5511,25.365501,33,1,0.5180486,1
5512,28.42577,35,1,0.5180486,2
5513,-40.625529,250,0,0.5180486,0
5514,22.351103,50,1,0.5180486,1
5515,18.506235,40,1,0.5180486,2
5516,-25.633584,250,0,0.5180486,0
5517,-21.066193,250,0,0.5180486,0
5518,-38.336211,250,0,0.5180486,0
5519,26.585258,8,1,0.5180486,1
5520,27.83271,25,1,0.5180486,2
5521,24.142858,37,1,0.5180486,3
5522,-132.932871,250,0,0.5180486,0
5523,26.61106,31,1,0.5180486,1
5524,28.83085,20,1,0.5180486,2
5525,22.2564,70,1,0.5180486,3
5526,-35.797478,250,0,0.5180486,0
5527,26.829089,43,1,0.5180486,1
5528,-28.206005,250,0,0.5180486,0
5529,-95.946461,250,0,0.5180486,0
5530,-12.796168,250,0,0.5180486,0
5531,28.090225,43,1,0.5180486,1
5532,-12.870865,250,0,0.5180486,0
5533,29.98133,24,1,0.5180486,1
5534,22.510224,46,1,0.5180486,2
5535,18.429042,48,1,0.5180486,3
5536,21.432658,53,1,0.5180486,4
5537,29.073199,12,1,0.5180486,0
5538,23.786472,18,1,0.5180486,1
5539,-31.63828,250,0,0.5180486,0
5540,28.654207,32,1,0.5180486,1
5541,-58.795201,250,0,0.5180486,0
5542,22.07525,44,1,0.5180486,1
5543,29.184961,23,1,0.5180486,2
5544,24.787798,36,1,0.5180486,3
5545,30.550444,13,1,0.5180486,4
5546,27.360441,21,1,0.5180486,0
5547,30.834345,16,1,0.5180486,1
5548,16.551128,131,1,0.5180486,2
5549,7.000785,47,1,0.5180486,3
5550,23.574511,45,1,0.5180486,4
5551,27.69162,17,1,0.5180486,0
5552,-19.641781,250,0,0.5180486,0
5553,30.285707,10,1,0.5180486,1
5554,24.370034,102,1,0.5180486,2
5555,26.24214,7,1,0.5180486,3
5556,29.53397,24,1,0.5180486,4
5557,-0.236654,54,1,0.5180486,0
5558,30.690667,15,1,0.5180486,1
5559,25.890694,26,1,0.5180486,2
5560,-16.604866,250,0,0.5180486,0
5561,28.111052,27,1,0.5180486,1
5562,31.131624,15,1,0.5180486,2
5563,23.504325,30,1,0.5180486,3
5564,-220.244529,250,0,0.5180486,0
5565,27.881778,35,1,0.5180486,1
5566,-15.686967,250,0,0.5180486,0
5567,26.917203,27,1,0.5180486,1
5568,28.938752,16,1,0.5180486,2
5569,-15.288222,250,0,0.5180486,0
5570,26.430899,37,1,0.5180486,1
5571,-15.771754,250,0,0.5180486,0
5572,28.338112,24,1,0.5180486,1
5573,26.353854,29,1,0.5180486,2
5574,26.680529,35,1,0.5180486,3
5575,-3.747351,58,1,0.5180486,4
5576,27.234282,44,1,0.5180486,0
5577,27.32426,18,1,0.5180486,1
5578,26.140012,14,1,0.5180486,2
5579,9.940422,48,1,0.5180486,3
5580,19.982942,35,1,0.5180486,4
5581,29.044427,28,1,0.5180486,0
5582,27.220768,25,1,0.5180486,1
5583,-57.205658,250,0,0.5180486,0
5584,8.945968,38,1,0.5180486,1
5585,11.221209,41,1,0.5180486,2
5586,27.009613,23,1,0.5180486,3
5587,21.468704,32,1,0.5180486,4
5588,27.603797,32,1,0.5180486,0
5589,24.248189,19,1,0.5180486,1
5590,22.404458,58,1,0.5180486,2
5591,29.669312,9,1,0.5180486,3
5592,26.221743,11,1,0.5180486,4
5593,9.481515,57,1,0.5180486,0
5594,-19.181966,250,0,0.5180486,0
5595,13.332662,49,1,0.5180486,1
5596,19.448404,63,1,0.5180486,2
5597,-303.566883,250,0,0.5180486,0
5598,28.662033,26,1,0.5180486,1
5599,27.871328,13,1,0.5180486,2
5600,-7.037613,158,1,0.5180486,3
5601,-31.389887,250,0,0.5180486,0
5602,7.35313,200,1,0.5180486,1
5603,-15.034364,250,0,0.5180486,0
5604,30.463653,18,1,0.5180486,1
5605,-71.264777,250,0,0.5180486,0
5606,-26.999105,250,0,0.5180486,0
5607,27.566944,9,1,0.5180486,1
5608,13.693036,120,1,0.5180486,2
5609,0.550611,59,1,0.5180486,3
5610,-21.577275,250,0,0.5180486,0
5611,7.935173,152,1,0.5180486,1
5612,28.580222,20,1,0.5180486,2
5613,-37.298543,250,0,0.5180486,0
5614,28.814536,27,1,0.5180486,1
5615,26.791293,22,1,0.5180486,2
5616,13.093298,204,1,0.5180486,3
5617,31.209978,13,1,0.5180486,4
5618,28.904171,22,1,0.5180486,0
5619,25.52369,10,1,0.5180486,1
5620,21.694079,32,1,0.5180486,2
5621,21.362511,39,1,0.5180486,3
5622,30.165814,9,1,0.5180486,4
5623,28.100147,14,1,0.5180486,0
5624,25.615741,54,1,0.5180486,1
5625,28.637157,20,1,0.5180486,2
5626,23.051766,95,1,0.5180486,3
5627,29.493904,28,1,0.5180486,4
5628,25.385489,22,1,0.5180486,0
5629,-18.504107,250,0,0.5180486,0
5630,29.28809,33,1,0.5180486,1
5631,28.273915,22,1,0.5180486,2
5632,16.231065,41,1,0.5180486,3
5633,-39.589208,250,0,0.5180486,0
5634,27.516099,16,1,0.5180486,1
5635,28.024402,17,1,0.5180486,2
5636,15.819785,190,1,0.5180486,3
5637,28.219886,8,1,0.5180486,4
5638,-1.458574,60,1,0.5180486,0
5639,24.89033,25,1,0.5180486,1
5640,27.228802,38,1,0.5180486,2
5641,28.216959,9,1,0.5180486,3
5642,-2.015424,149,1,0.5180486,4
5643,25.117797,25,1,0.5180486,0
5644,-23.440408,250,0,0.5180486,0
5645,-37.774146,250,0,0.5180486,0
5646,28.454439,16,1,0.5180486,1
5647,-12.045502,250,0,0.5180486,0
5648,26.068569,58,1,0.5180486,1
5649,-0.377433,178,1,0.5180486,2
5650,24.991825,47,1,0.5180486,3
5651,30.397197,15,1,0.5180486,4
5652,29.615523,26,1,0.5180486,0
5653,31.046274,14,1,0.5180486,1
5654,-19.996937,250,0,0.5180486,0
5655,29.586144,16,1,0.5180486,1
5656,30.587941,21,1,0.5180486,2
5657,30.219058,27,1,0.5180486,3
5658,-43.940486,250,0,0.5180486,0
5659,28.583715,17,1,0.5180486,1
5660,-24.87091,250,0,0.5180486,0
5661,27.680819,35,1,0.5180486,1
5662,11.022657,54,1,0.5180486,2
5663,26.12609,29,1,0.5180486,3
5664,-12.488192,250,0,0.5180486,0
5665,26.544939,12,1,0.5180486,1
5666,27.295005,9,1,0.5180486,2
5667,10.513242,46,1,0.5180486,3
5668,-40.121306,250,0,0.5180486,0
5669,27.192356,49,1,0.5180486,1
5670,24.577062,36,1,0.5180486,2
5671,29.174679,18,1,0.5180486,3
5672,23.97899,61,1,0.5180486,4
5673,28.206341,33,1,0.5180486,0
5674,13.079055,97,1,0.5180486,1
5675,28.741517,15,1,0.5180486,2
5676,3.511524,80,1,0.5180486,3
5677,28.306885,11,1,0.5180486,4
5678,-29.521419,250,0,0.5180486,0
5679,25.826604,47,1,0.5180486,1
5680,25.666598,17,1,0.5180486,2
5681,-47.273698,250,0,0.5180486,0
5682,-15.917086,250,0,0.5180486,0
5683,-22.342164,250,0,0.5180486,0
5684,29.204351,22,1,0.5180486,1
5685,27.215092,14,1,0.5180486,2
5686,25.954527,50,1,0.5180486,3
5687,24.026799,32,1,0.5180486,4
5688,-26.73207,250,0,0.5180486,0
5689,28.815164,20,1,0.5180486,1
5690,28.561884,15,1,0.5180486,2
5691,25.979162,52,1,0.5180486,3
5692,25.837618,45,1,0.5180486,4
5693,26.502741,50,1,0.5180486,0
5694,28.543796,19,1,0.5180486,1
5695,28.312447,17,1,0.5180486,2
5696,28.109649,27,1,0.5180486,3
5697,25.344105,11,1,0.5180486,4
5698,-14.249025,250,0,0.5180486,0
5699,-18.248107,250,0,0.5180486,0
5700,-34.330087,250,0,0.5180486,0
5701,26.133429,21,1,0.5180486,1
5702,-28.887439,250,0,0.5180486,0
5703,18.874609,93,1,0.5180486,1
5704,-203.946114,250,0,0.5180486,0
5705,23.976822,45,1,0.5180486,1
5706,-105.655021,250,0,0.5180486,0
5707,-249.21808,250,0,0.5180486,0
5708,27.08851,25,1,0.5180486,1
5709,26.505597,56,1,0.5180486,2
5710,28.610221,48,1,0.5180486,3
5711,24.922862,36,1,0.5180486,4
5712,25.968239,12,1,0.5180486,0
5713,28.285833,12,1,0.5180486,1
5714,25.788932,28,1,0.5180486,2
5715,29.484706,18,1,0.5180486,3
5716,29.933868,17,1,0.5180486,4
5717,-17.636753,250,0,0.5180486,0
5718,21.877869,38,1,0.5180486,1
5719,23.994558,62,1,0.5180486,2
5720,22.990896,53,1,0.5180486,3
5721,26.842615,14,1,0.5180486,4
5722,28.236639,35,1,0.5180486,0
5723,-140.019782,250,0,0.5180486,0
5724,-16.52016,250,0,0.5180486,0
5725,4.455423,42,1,0.5180486,1
5726,18.339107,48,1,0.5180486,2
5727,25.413177,17,1,0.5180486,3
5728,20.214456,72,1,0.5180486,4
5729,19.064117,91,1,0.5180486,0
5730,28.965889,20,1,0.5180486,1
5731,24.727656,46,1,0.5180486,2
5732,24.367419,47,1,0.5180486,3
5733,-14.228443,250,0,0.5180486,0
5734,28.460818,10,1,0.5180486,1
5735,-22.283288,250,0,0.5180486,0
5736,-43.835707,250,0,0.5180486,0
5737,27.225033,29,1,0.5180486,1
5738,28.675964,28,1,0.5180486,2
5739,29.504132,7,1,0.5180486,3
5740,26.045069,17,1,0.5180486,4
5741,28.653576,51,1,0.5180486,0
5742,26.770831,21,1,0.5180486,1
5743,5.678706,93,1,0.5180486,2
5744,27.560232,38,1,0.5180486,3
5745,-17.140282,250,0,0.5180486,0
5746,28.509323,16,1,0.5180486,1
5747,20.867763,42,1,0.5180486,2
5748,25.703523,59,1,0.5180486,3
5749,25.050893,21,1,0.5180486,4
5750,24.158362,37,1,0.5180486,0
5751,27.788924,5,1,0.5180486,1
5752,26.76029,19,1,0.5180486,2
5753,27.290409,34,1,0.5180486,3
5754,20.39126,54,1,0.5180486,4
5755,17.410776,215,1,0.5180486,0
5756,-54.926487,250,0,0.5180486,0
5757,29.79899,16,1,0.5180486,1
5758,-17.712212,250,0,0.5180486,0
5759,24.817695,24,1,0.5180486,1
5760,26.808512,46,1,0.5180486,2
5761,28.57132,31,1,0.5180486,3
5762,26.938723,16,1,0.5180486,4
5763,26.785043,22,1,0.5180486,0
5764,29.317521,14,1,0.5180486,1
5765,22.476363,22,1,0.5180486,2
5766,27.077112,22,1,0.5180486,3
5767,-24.526545,250,0,0.5180486,0
5768,17.864063,42,1,0.5180486,1
5769,28.28511,29,1,0.5180486,2
5770,22.358703,66,1,0.5180486,3
5771,30.560945,12,1,0.5180486,4
5772,27.202368,24,1,0.5180486,0
5773,27.235294,44,1,0.5180486,1
5774,25.387337,96,1,0.5180486,2
5775,-16.71002,250,0,0.5180486,0
5776,1.67869,79,1,0.5180486,1
5777,26.539041,49,1,0.5180486,2
5778,2.02869,37,1,0.5180486,3
5779,27.060338,26,1,0.5180486,4
5780,-17.282954,250,0,0.5180486,0
5781,28.561336,19,1,0.5180486,1
5782,-224.007287,250,0,0.5180486,0
5783,29.587356,15,1,0.5180486,1
5784,27.468573,37,1,0.5180486,2
5785,21.965325,34,1,0.5180486,3
5786,-5.951861,80,1,0.5180486,4
5787,28.407535,30,1,0.5180486,0
5788,25.839481,27,1,0.5180486,1
5789,26.657488,29,1,0.5180486,2
5790,-35.687018,250,0,0.5180486,0
5791,31.105625,14,1,0.5180486,1
5792,-44.015986,250,0,0.5180486,0
5793,30.732121,12,1,0.5180486,1
5794,24.418114,41,1,0.5180486,2
5795,22.401907,99,1,0.5180486,3
5796,26.450764,34,1,0.5180486,4
5797,-17.534855,250,0,0.5180486,0
5798,28.297481,5,1,0.5180486,1
5799,29.695099,16,1,0.5180486,2
5800,-23.613271,74,1,0.5180486,3
5801,-19.183746,250,0,0.5180486,0
5802,24.431899,42,1,0.5180486,1
5803,24.937646,74,1,0.5180486,2
5804,28.973062,8,1,0.5180486,3
5805,-22.762481,250,0,0.5180486,0
5806,25.485572,46,1,0.5180486,1
5807,25.933582,40,1,0.5180486,2
5808,30.748367,25,1,0.5180486,3
5809,28.515986,25,1,0.5180486,4
5810,28.816639,19,1,0.5180486,0
5811,-12.754025,250,0,0.5180486,0
5812,25.347881,26,1,0.5180486,1
5813,25.926497,55,1,0.5180486,2
5814,27.441457,12,1,0.5180486,3
5815,21.818143,57,1,0.5180486,4
5816,-18.315407,250,0,0.5180486,0
5817,21.797877,17,1,0.5180486,1
5818,30.435153,12,1,0.5180486,2
5819,29.286367,23,1,0.5180486,3
5820,20.460951,34,1,0.5180486,4
5821,-203.647749,250,0,0.5180486,0
5822,0.71238,42,1,0.5180486,1
5823,29.427907,30,1,0.5180486,2
5824,-24.848802,250,0,0.5180486,0
5825,18.372062,28,1,0.5180486,1
5826,-23.798237,250,0,0.5180486,0
5827,-16.590815,250,0,0.5180486,0
5828,26.6927,37,1,0.5180486,1
5829,26.718072,10,1,0.5180486,2
5830,29.904908,18,1,0.5180486,3
5831,27.318205,47,1,0.5180486,4
5832,30.849996,14,1,0.5180486,0
5833,28.125803,35,1,0.5180486,1
5834,-112.996034,250,0,0.5180486,0
5835,29.201745,6,1,0.5180486,1
5836,22.841889,39,1,0.5180486,2
5837,28.08777,29,1,0.5180486,3
5838,25.932845,32,1,0.5180486,4
5839,-21.649283,250,0,0.5180486,0
5840,26.899642,23,1,0.5180486,1
5841,-13.851051,250,0,0.5180486,0
5842,-19.147213,250,0,0.5180486,0
5843,28.526147,8,1,0.5180486,1
5844,29.283414,19,1,0.5180486,2
5845,21.137519,85,1,0.5180486,3
5846,-23.23692,250,0,0.5180486,0
5847,20.197298,14,1,0.5180486,1
5848,18.214482,61,1,0.5180486,2
5849,-18.633223,250,0,0.5180486,0
5850,28.091089,22,1,0.5180486,1
5851,-16.597661,250,0,0.5180486,0
5852,-13.133711,250,0,0.5180486,0
5853,27.929638,24,1,0.5180486,1
5854,20.238831,190,1,0.5180486,2
5855,26.402531,44,1,0.5180486,3
5856,-236.199627,250,0,0.5180486,0
5857,-3.215922,42,1,0.5180486,1
5858,27.381307,16,1,0.5180486,2
5859,-20.946123,250,0,0.5180486,0
5860,-183.699105,250,0,0.5180486,0
5861,-23.606563,250,0,0.5180486,0
5862,-69.943838,250,0,0.5180486,0
5863,-0.621106,50,1,0.5180486,1
5864,28.840294,24,1,0.5180486,2
5865,22.881951,91,1,0.5180486,3
5866,22.411207,20,1,0.5180486,4
5867,27.37001,25,1,0.5180486,0
5868,18.261308,119,1,0.5180486,1
5869,28.082368,24,1,0.5180486,2
5870,23.00883,71,1,0.5180486,3
5871,10.492314,169,1,0.5180486,4
5872,16.467388,60,1,0.5180486,0
5873,18.191728,17,1,0.5180486,1
5874,26.943648,44,1,0.5180486,2
5875,-18.899371,250,0,0.5180486,0
5876,28.500574,21,1,0.5180486,1
5877,-21.118989,250,0,0.5180486,0
5878,15.153326,39,1,0.5180486,1
5879,-15.604385,250,0,0.5180486,0
5880,28.584736,5,1,0.5180486,1
5881,-31.26192,250,0,0.5180486,0
5882,-24.703989,250,0,0.5180486,0
5883,22.943254,38,1,0.5180486,1
5884,28.795517,15,1,0.5180486,2
5885,25.852566,3,1,0.5180486,3
5886,30.395716,15,1,0.5180486,4
5887,29.234646,9,1,0.5180486,0
5888,26.374322,32,1,0.5180486,1
5889,23.802889,31,1,0.5180486,2
5890,-37.879037,250,0,0.5180486,0
5891,23.615352,34,1,0.5180486,1
5892,25.175018,15,1,0.5180486,2
5893,26.621627,74,1,0.5180486,3
5894,29.552154,14,1,0.5180486,4
5895,-63.358676,250,0,0.5180486,0
5896,20.719544,90,1,0.5180486,1
5897,17.376281,83,1,0.5180486,2
5898,12.857936,204,1,0.5180486,3
5899,-2.131396,78,1,0.5180486,4
5900,-69.495796,250,0,0.5180486,0
5901,30.565679,21,1,0.5180486,1
5902,-16.262399,250,0,0.5180486,0
5903,28.417186,38,1,0.5180486,1
5904,26.202294,50,1,0.5180486,2
5905,25.331151,31,1,0.5180486,3
5906,-211.108639,250,0,0.5180486,0
5907,19.517639,54,1,0.5180486,1
5908,30.404878,24,1,0.5180486,2
5909,-21.225498,250,0,0.5180486,0
5910,-23.870933,250,0,0.5180486,0
5911,-34.552976,250,0,0.5180486,0
5912,23.78111,20,1,0.5180486,1
5913,-12.481015,250,0,0.5180486,0
5914,30.410404,22,1,0.5180486,1
5915,28.823614,16,1,0.5180486,2
5916,-88.294496,250,0,0.5180486,0
5917,23.318526,32,1,0.5180486,1
5918,27.440932,36,1,0.5180486,2
5919,-22.659188,250,0,0.5180486,0
5920,25.655534,54,1,0.5180486,1
5921,-13.436289,250,0,0.5180486,0
5922,26.049841,23,1,0.5180486,1
5923,-30.189593,250,0,0.5180486,0
5924,19.044182,39,1,0.5180486,1
5925,23.564128,32,1,0.5180486,2
5926,28.767903,48,1,0.5180486,3
5927,29.30013,22,1,0.5180486,4
5928,-15.055111,250,0,0.5180486,0
5929,1.101749,98,1,0.5180486,1
5930,-36.603537,250,0,0.5180486,0
5931,29.789435,11,1,0.5180486,1
5932,26.528776,53,1,0.5180486,2
5933,20.490264,39,1,0.5180486,3
5934,28.707228,18,1,0.5180486,4
5935,27.774969,39,1,0.5180486,0
5936,29.395782,10,1,0.5180486,1
5937,23.054557,88,1,0.5180486,2
5938,27.365811,34,1,0.5180486,3
5939,-14.560469,250,0,0.5180486,0
5940,29.132767,26,1,0.5180486,1
5941,30.806685,22,1,0.5180486,2
5942,-17.918274,250,0,0.5180486,0
5943,23.383109,40,1,0.5180486,1
5944,28.3012,52,1,0.5180486,2
5945,-23.95668,250,0,0.5180486,0
5946,28.588742,18,1,0.5180486,1
5947,28.539219,12,1,0.5180486,2
5948,27.541867,15,1,0.5180486,3
5949,29.210797,20,1,0.5180486,4
5950,25.717587,47,1,0.5180486,0
5951,28.975737,25,1,0.5180486,1
5952,28.12194,21,1,0.5180486,2
5953,30.170829,29,1,0.5180486,3
5954,8.851596,98,1,0.5180486,4
5955,-14.836949,250,0,0.5180486,0
5956,24.009259,20,1,0.5180486,1
5957,25.187842,82,1,0.5180486,2
5958,-69.517227,250,0,0.5180486,0
5959,-183.077419,250,0,0.5180486,0
5960,28.470277,32,1,0.5180486,1
5961,29.869226,17,1,0.5180486,2
5962,27.104618,40,1,0.5180486,3
5963,26.153043,49,1,0.5180486,4
5964,30.071129,18,1,0.5180486,0
5965,30.482315,15,1,0.5180486,1
5966,26.433731,35,1,0.5180486,2
5967,-18.775954,250,0,0.5180486,0
5968,26.054406,21,1,0.5180486,1
5969,21.126495,37,1,0.5180486,2
5970,17.193537,76,1,0.5180486,3
5971,-55.912975,250,0,0.5180486,0
5972,-26.045903,250,0,0.5180486,0
5973,14.910924,23,1,0.5180486,1
5974,27.343168,26,1,0.5180486,2
5975,28.932395,23,1,0.5180486,3
5976,29.745817,16,1,0.5180486,4
5977,27.747762,10,1,0.5180486,0
5978,29.717275,19,1,0.5180486,1
5979,13.958469,179,1,0.5180486,2
5980,26.986876,12,1,0.5180486,3
5981,-25.224818,250,0,0.5180486,0
5982,20.106241,48,1,0.5180486,1
5983,-9.212953,250,0,0.5180486,0
5984,26.883767,24,1,0.5180486,1
5985,-24.321178,250,0,0.5180486,0
5986,25.92834,50,1,0.5180486,1
5987,21.060882,122,1,0.5180486,2
5988,28.24165,27,1,0.5180486,3
5989,23.791545,44,1,0.5180486,4
5990,-23.185371,93,1,0.5180486,0
5991,24.221337,44,1,0.5180486,1
5992,-16.388764,250,0,0.5180486,0
5993,-193.36693,250,0,0.5180486,0
5994,25.569849,37,1,0.5180486,1
5995,25.145413,41,1,0.5180486,2
5996,-10.942685,145,1,0.5180486,3
5997,26.834813,14,1,0.5180486,4
5998,21.432139,89,1,0.5180486,0
5999,28.327948,27,1,0.5180486,1
6000,27.171095,37,1,0.5180486,2
6001,22.005594,43,1,0.5180486,3
6002,-16.470774,250,0,0.5180486,0
6003,25.98818,24,1,0.5180486,1
6004,29.848041,15,1,0.5180486,2
6005,2.049311,141,1,0.5180486,3
6006,28.139835,27,1,0.5180486,4
6007,28.739427,15,1,0.5180486,0
6008,-12.940132,85,1,0.5180486,1
6009,28.505066,28,1,0.5180486,2
6010,-13.732326,250,0,0.5180486,0
6011,-17.572255,250,0,0.5180486,0
6012,-34.146664,250,0,0.5180486,0
6013,23.823298,36,1,0.5180486,1
6014,-12.360129,250,0,0.5180486,0
6015,26.905492,13,1,0.5180486,1
6016,24.731436,35,1,0.5180486,2
6017,28.114471,15,1,0.5180486,3
6018,30.756042,17,1,0.5180486,4
6019,7.658494,56,1,0.5180486,0
6020,28.688693,34,1,0.5180486,1
6021,25.179911,28,1,0.5180486,2
6022,24.992838,16,1,0.5180486,3
6023,29.683765,13,1,0.5180486,4
6024,25.747091,30,1,0.5180486,0
6025,-38.221554,250,0,0.5180486,0
6026,-26.802732,250,0,0.5180486,0
6027,-18.414244,250,0,0.5180486,0
6028,28.894384,16,1,0.5180486,1
6029,29.581789,29,1,0.5180486,2
6030,-168.517463,250,0,0.5180486,0
6031,27.747453,5,1,0.5180486,1
6032,-86.51865,250,0,0.5180486,0
6033,-19.001021,250,0,0.5180486,0
6034,14.131631,34,1,0.5180486,1
6035,29.186147,16,1,0.5180486,2
6036,28.202515,53,1,0.5180486,3
6037,29.847534,16,1,0.5180486,4
6038,20.056367,142,1,0.5180486,0
6039,27.247631,5,1,0.5180486,1
6040,11.824127,158,1,0.5180486,2
6041,29.205653,14,1,0.5180486,3
6042,8.98127,47,1,0.5180486,4
6043,28.288985,21,1,0.5180486,0
6044,25.722995,26,1,0.5180486,1
6045,29.970831,19,1,0.5180486,2
6046,22.319409,19,1,0.5180486,3
6047,26.529618,35,1,0.5180486,4
6048,28.769809,16,1,0.5180486,0
6049,27.089432,19,1,0.5180486,1
6050,29.7172,22,1,0.5180486,2
6051,27.947106,22,1,0.5180486,3
6052,18.596686,118,1,0.5180486,4
6053,21.930514,31,1,0.5180486,0
6054,27.802217,47,1,0.5180486,1
6055,24.768955,43,1,0.5180486,2
6056,29.958255,11,1,0.5180486,3
6057,-21.106165,250,0,0.5180486,0
6058,-2.452164,108,1,0.5180486,1
6059,27.227294,23,1,0.5180486,2
6060,27.129957,15,1,0.5180486,3
6061,28.457931,23,1,0.5180486,4
6062,-23.518507,250,0,0.5180486,0
6063,25.127058,44,1,0.5180486,1
6064,30.550429,14,1,0.5180486,2
6065,28.645156,6,1,0.5180486,3
6066,17.952184,55,1,0.5180486,4
6067,22.539638,94,1,0.5180486,0
6068,26.60583,19,1,0.5180486,1
6069,20.235016,44,1,0.5180486,2
6070,28.88452,17,1,0.5180486,3
6071,21.904948,45,1,0.5180486,4
6072,29.076226,8,1,0.5180486,0
6073,25.848554,24,1,0.5180486,1
6074,7.418794,115,1,0.5180486,2
6075,-43.760975,194,1,0.5180486,3
6076,-15.08083,250,0,0.5180486,0
6077,-31.724493,250,0,0.5180486,0
6078,28.694533,15,1,0.5180486,1
6079,-38.162031,250,0,0.5180486,0
6080,30.259496,16,1,0.5180486,1
6081,29.87879,13,1,0.5180486,2
6082,28.183003,26,1,0.5180486,3
6083,19.596864,37,1,0.5180486,4
6084,-14.642704,250,0,0.5180486,0
6085,26.107158,12,1,0.5180486,1
6086,25.171245,3,1,0.5180486,2
6087,29.099632,34,1,0.5180486,3
6088,22.941347,27,1,0.5180486,4
6089,28.709819,10,1,0.5180486,0
6090,26.313461,64,1,0.5180486,1
6091,-45.350212,250,0,0.5180486,0
6092,-18.036978,250,0,0.5180486,0
6093,-21.711146,250,0,0.5180486,0
6094,27.662483,13,1,0.5180486,1
6095,29.066087,9,1,0.5180486,2
6096,-17.35549,250,0,0.5180486,0
6097,-227.6458,250,0,0.5180486,0
6098,-28.288163,116,1,0.5180486,1
6099,-3.716246,63,1,0.5180486,2
6100,29.082493,56,1,0.5180486,3
6101,21.124158,37,1,0.5180486,4
6102,-212.167706,250,0,0.5180486,0
6103,-26.622181,250,0,0.5180486,0
6104,-18.605988,250,0,0.5180486,0
6105,30.750906,16,1,0.5180486,1
6106,29.548446,21,1,0.5180486,2
6107,28.982164,39,1,0.5180486,3
6108,26.702523,35,1,0.5180486,4
6109,28.314826,23,1,0.5180486,0
6110,27.959403,29,1,0.5180486,1
6111,-17.008392,250,0,0.5180486,0
6112,25.324302,40,1,0.5180486,1
6113,29.912874,39,1,0.5180486,2
6114,-17.04306,250,0,0.5180486,0
6115,16.550768,236,1,0.5180486,1
6116,27.331691,24,1,0.5180486,2
6117,-9.769762,250,0,0.5180486,0
6118,29.786369,30,1,0.5180486,1
6119,27.280774,14,1,0.5180486,2
6120,27.060399,20,1,0.5180486,3
6121,27.548853,19,1,0.5180486,4
6122,-45.571153,250,0,0.5180486,0
6123,-12.306626,250,0,0.5180486,0
6124,27.303298,32,1,0.5180486,1
6125,24.608167,12,1,0.5180486,2
6126,15.820914,66,1,0.5180486,3
6127,27.719741,42,1,0.5180486,4
6128,-14.900562,66,1,0.5180486,0
6129,27.420101,37,1,0.5180486,1
6130,-48.653487,250,0,0.5180486,0
6131,28.393384,38,1,0.5180486,1
6132,-26.60389,250,0,0.5180486,0
6133,-9.005596,250,0,0.5180486,0
6134,28.806829,7,1,0.5180486,1
6135,31.315289,17,1,0.5180486,2
6136,28.088229,22,1,0.5180486,3
6137,27.880313,18,1,0.5180486,4
6138,24.602743,28,1,0.5180486,0
6139,-26.41624,250,0,0.5180486,0
6140,5.126104,45,1,0.5180486,1
6141,17.719933,34,1,0.5180486,2
6142,-36.840647,250,0,0.5180486,0
6143,19.799583,50,1,0.5180486,1
6144,30.069168,16,1,0.5180486,2
6145,-18.971653,250,0,0.5180486,0
6146,14.502209,65,1,0.5180486,1
6147,28.445873,9,1,0.5180486,2
6148,15.697224,196,1,0.5180486,3
6149,24.485526,38,1,0.5180486,4
6150,-242.771333,250,0,0.5180486,0
6151,25.877957,75,1,0.5180486,1
6152,24.853643,30,1,0.5180486,2
6153,29.460025,16,1,0.5180486,3
6154,11.280095,60,1,0.5180486,4
6155,27.232473,27,1,0.5180486,0
6156,22.32876,20,1,0.5180486,1
6157,31.702858,20,1,0.5180486,2
6158,28.652287,32,1,0.5180486,3
6159,-33.451924,250,0,0.5180486,0
6160,26.001245,40,1,0.5180486,1
6161,16.115969,56,1,0.5180486,2
6162,8.165736,60,1,0.5180486,3
6163,20.941162,66,1,0.5180486,4
6164,26.33041,24,1,0.5180486,0
6165,27.400911,17,1,0.5180486,1
6166,24.05542,27,1,0.5180486,2
6167,30.180508,10,1,0.5180486,3
6168,-11.802998,250,0,0.5180486,0
6169,28.144383,32,1,0.5180486,1
6170,23.620328,30,1,0.5180486,2
6171,29.840876,16,1,0.5180486,3
6172,28.646463,24,1,0.5180486,4
6173,-9.501654,250,0,0.5180486,0
6174,19.559171,30,1,0.5180486,1
6175,28.452895,22,1,0.5180486,2
6176,18.231273,103,1,0.5180486,3
6177,31.363334,13,1,0.5180486,4
6178,29.918548,15,1,0.5180486,0
6179,26.646059,21,1,0.5180486,1
6180,-13.401001,74,1,0.5180486,2
6181,28.347775,19,1,0.5180486,3
6182,29.598314,31,1,0.5180486,4
6183,27.910614,23,1,0.5180486,0
6184,17.745994,183,1,0.5180486,1
6185,25.933669,37,1,0.5180486,2
6186,26.250775,30,1,0.5180486,3
6187,14.805446,44,1,0.5180486,4
6188,27.266246,33,1,0.5180486,0
6189,2.903078,50,1,0.5180486,1
6190,28.976847,19,1,0.5180486,2
6191,-67.592879,250,0,0.5180486,0
6192,26.177875,21,1,0.5180486,1
6193,28.678119,19,1,0.5180486,2
6194,14.453562,37,1,0.5180486,3
6195,-2.805269,106,1,0.5180486,4
6196,26.766169,23,1,0.5180486,0
6197,-24.041492,76,1,0.5180486,1
6198,-29.906037,250,0,0.5180486,0
6199,26.126839,45,1,0.5180486,1
6200,24.075759,34,1,0.5180486,2
6201,2.483856,177,1,0.5180486,3
6202,-19.640986,250,0,0.5180486,0
6203,26.278386,74,1,0.5180486,1
6204,29.050747,19,1,0.5180486,2
6205,27.403949,6,1,0.5180486,3
6206,25.368381,38,1,0.5180486,4
6207,24.45277,5,1,0.5180486,0
6208,25.429008,3,1,0.5180486,1
6209,-9.146401,250,0,0.5180486,0
6210,24.213371,52,1,0.5180486,1
6211,-28.043794,250,0,0.5180486,0
6212,27.724766,15,1,0.5180486,1
6213,27.961122,18,1,0.5180486,2
6214,24.536909,23,1,0.5180486,3
6215,17.134168,51,1,0.5180486,4
6216,27.414644,36,1,0.5180486,0
6217,20.755545,27,1,0.5180486,1
6218,24.138829,29,1,0.5180486,2
6219,29.612385,12,1,0.5180486,3
6220,28.07905,15,1,0.5180486,4
6221,30.035243,21,1,0.5180486,0
6222,-54.529497,250,0,0.5180486,0
6223,28.497982,34,1,0.5180486,1
6224,25.768071,15,1,0.5180486,2
6225,-106.56689,250,0,0.5180486,0
6226,18.518741,36,1,0.5180486,1
6227,-26.31994,250,0,0.5180486,0
6228,23.105461,104,1,0.5180486,1
6229,-21.419366,250,0,0.5180486,0
6230,25.872978,24,1,0.5180486,1
6231,28.778187,13,1,0.5180486,2
6232,3.850876,183,1,0.5180486,3
6233,27.344905,66,1,0.5180486,4
6234,-74.159409,250,0,0.5180486,0
6235,30.657252,8,1,0.5180486,1
6236,-34.799417,250,0,0.5180486,0
6237,-17.704534,250,0,0.5180486,0
6238,-13.867731,250,0,0.5180486,0
6239,27.733167,5,1,0.5180486,1
6240,-16.689524,250,0,0.5180486,0
6241,-25.221441,250,0,0.5180486,0
6242,-22.272173,250,0,0.5180486,0
6243,-26.075341,250,0,0.5180486,0
6244,11.681761,45,1,0.5180486,1
6245,27.800415,24,1,0.5180486,2
6246,-12.801349,250,0,0.5180486,0
6247,-16.369982,250,0,0.5180486,0
6248,27.013497,33,1,0.5180486,1
6249,31.038355,11,1,0.5180486,2
6250,-19.977376,250,0,0.5180486,0
6251,-21.550574,250,0,0.5180486,0
6252,-16.354688,250,0,0.5180486,0
6253,30.590776,29,1,0.5180486,1
6254,25.232244,43,1,0.5180486,2
6255,-21.59517,250,0,0.5180486,0
6256,27.866475,16,1,0.5180486,1
6257,-41.757927,250,0,0.5180486,0
6258,24.842468,43,1,0.5180486,1
6259,20.898846,161,1,0.5180486,2
6260,23.389342,31,1,0.5180486,3
6261,28.093269,21,1,0.5180486,4
6262,-23.468487,250,0,0.5180486,0
6263,28.559612,22,1,0.5180486,1
6264,30.235444,26,1,0.5180486,2
6265,27.128774,26,1,0.5180486,3
6266,29.079641,9,1,0.5180486,4
6267,27.82025,25,1,0.5180486,0
6268,-22.133504,250,0,0.5180486,0
6269,23.567189,52,1,0.5180486,1
6270,27.961328,41,1,0.5180486,2
6271,-205.540652,250,0,0.5180486,0
6272,22.975744,70,1,0.5180486,1
6273,19.12225,21,1,0.5180486,2
6274,26.845253,37,1,0.5180486,3
6275,-54.635198,250,0,0.5180486,0
6276,25.45278,4,1,0.5180486,1
6277,29.930127,18,1,0.5180486,2
6278,-54.747885,250,0,0.5180486,0
6279,27.976615,38,1,0.5180486,1
6280,20.162442,40,1,0.5180486,2
6281,29.295356,12,1,0.5180486,3
6282,-13.927576,250,0,0.5180486,0
6283,23.249274,36,1,0.5180486,1
6284,29.072942,13,1,0.5180486,2
6285,24.483625,70,1,0.5180486,3
6286,29.962785,20,1,0.5180486,4
6287,18.514353,23,1,0.5180486,0
6288,-21.565281,250,0,0.5180486,0
6289,29.040789,8,1,0.5180486,1
6290,-12.670597,250,0,0.5180486,0
6291,29.461054,16,1,0.5180486,1
6292,23.031576,25,1,0.5180486,2
6293,30.692196,12,1,0.5180486,3
6294,27.791826,21,1,0.5180486,4
6295,-1.265131,199,1,0.5180486,0
6296,30.393643,15,1,0.5180486,1
6297,10.234739,222,1,0.5180486,2
6298,24.407853,56,1,0.5180486,3
6299,11.930244,82,1,0.5180486,4
6300,-15.29967,250,0,0.5180486,0
6301,25.711416,35,1,0.5180486,1
6302,-40.629481,250,0,0.5180486,0
6303,27.759557,33,1,0.5180486,1
6304,23.388173,85,1,0.5180486,2
6305,27.516014,12,1,0.5180486,3
6306,27.125808,28,1,0.5180486,4
6307,17.727703,31,1,0.5180486,0
6308,-22.416009,250,0,0.5180486,0
6309,26.542877,26,1,0.5180486,1
6310,16.636467,28,1,0.5180486,2
6311,28.682211,13,1,0.5180486,3
6312,-3.505024,208,1,0.5180486,4
6313,27.018634,24,1,0.5180486,0
6314,-10.063131,250,0,0.5180486,0
6315,21.08508,31,1,0.5180486,1
6316,27.362707,30,1,0.5180486,2
6317,27.967848,21,1,0.5180486,3
6318,29.823996,10,1,0.5180486,4
6319,30.461176,15,1,0.5180486,0
6320,29.597908,26,1,0.5180486,1
6321,29.780163,13,1,0.5180486,2
6322,28.184143,16,1,0.5180486,3
6323,27.349795,19,1,0.5180486,4
6324,24.400691,50,1,0.5180486,0
6325,30.766381,13,1,0.5180486,1
6326,28.928432,25,1,0.5180486,2
6327,26.098753,25,1,0.5180486,3
6328,30.300332,13,1,0.5180486,4
6329,23.072756,59,1,0.5180486,0
6330,26.675604,3,1,0.5180486,1
6331,24.664525,34,1,0.5180486,2
6332,31.028745,21,1,0.5180486,3
6333,7.198425,57,1,0.5180486,4
6334,27.433363,29,1,0.5180486,0
6335,27.826345,25,1,0.5180486,1
6336,-13.430327,250,0,0.5180486,0
6337,23.517447,25,1,0.5180486,1
6338,29.828111,24,1,0.5180486,2
6339,22.172045,30,1,0.5180486,3
6340,21.225031,51,1,0.5180486,4
6341,0.549585,51,1,0.5180486,0
6342,25.219983,45,1,0.5180486,1
6343,27.347175,17,1,0.5180486,2
6344,21.377495,47,1,0.5180486,3
6345,23.818925,31,1,0.5180486,4
6346,26.135103,14,1,0.5180486,0
6347,25.866633,11,1,0.5180486,1
6348,24.05903,57,1,0.5180486,2
6349,-32.443395,250,0,0.5180486,0
6350,-19.816015,250,0,0.5180486,0
6351,28.268726,18,1,0.5180486,1
6352,17.546933,57,1,0.5180486,2
6353,28.694665,21,1,0.5180486,3
6354,21.151353,49,1,0.5180486,4
6355,25.016214,51,1,0.5180486,0
6356,15.977307,38,1,0.5180486,1
6357,-19.08137,250,0,0.5180486,0
6358,27.818921,5,1,0.5180486,1
6359,-22.592866,250,0,0.5180486,0
6360,-16.632083,250,0,0.5180486,0
6361,26.507698,6,1,0.5180486,1
6362,25.894922,24,1,0.5180486,2
6363,25.214743,37,1,0.5180486,3
6364,18.435617,201,1,0.5180486,4
6365,-75.062619,250,0,0.5180486,0
6366,-18.140682,250,0,0.5180486,0
6367,14.338623,201,1,0.5180486,1
6368,-39.910293,250,0,0.5180486,0
6369,28.161899,24,1,0.5180486,1
6370,27.330816,34,1,0.5180486,2
6371,28.587961,23,1,0.5180486,3
6372,15.991689,43,1,0.5180486,4
6373,25.965006,47,1,0.5180486,0
6374,22.879109,21,1,0.5180486,1
6375,29.011456,23,1,0.5180486,2
6376,18.952422,41,1,0.5180486,3
6377,9.253432,35,1,0.5180486,4
6378,29.585119,23,1,0.5180486,0
6379,22.995514,28,1,0.5180486,1
6380,25.245347,75,1,0.5180486,2
6381,18.236968,48,1,0.5180486,3
6382,27.222033,4,1,0.5180486,4
6383,26.590391,34,1,0.5180486,0
6384,10.028448,66,1,0.5180486,1
6385,27.510937,19,1,0.5180486,2
6386,28.918953,23,1,0.5180486,3
6387,-42.766275,250,0,0.5180486,0
6388,27.039819,23,1,0.5180486,1
6389,25.945032,30,1,0.5180486,2
6390,25.145488,47,1,0.5180486,3
6391,21.019064,86,1,0.5180486,4
6392,23.287721,34,1,0.5180486,0
6393,21.545577,33,1,0.5180486,1
6394,29.841742,20,1,0.5180486,2
6395,30.832865,13,1,0.5180486,3
6396,26.016862,29,1,0.5180486,4
6397,-63.962467,250,0,0.5180486,0
6398,29.578133,9,1,0.5180486,1
6399,25.90625,17,1,0.5180486,2
6400,29.19932,45,1,0.5180486,3
6401,30.258599,22,1,0.5180486,4
6402,27.811375,30,1,0.5180486,0
6403,26.683902,26,1,0.5180486,1
6404,17.83476,23,1,0.5180486,2
6405,22.765729,39,1,0.5180486,3
6406,14.223156,53,1,0.5180486,4
6407,26.844867,25,1,0.5180486,0
6408,-12.209144,250,0,0.5180486,0
6409,-66.322092,250,0,0.5180486,0
6410,29.11562,40,1,0.5180486,1
6411,28.448552,39,1,0.5180486,2
6412,25.430184,25,1,0.5180486,3
6413,27.641705,8,1,0.5180486,4
6414,27.764327,32,1,0.5180486,0
6415,25.755525,20,1,0.5180486,1
6416,28.294681,9,1,0.5180486,2
6417,30.561724,19,1,0.5180486,3
6418,22.934993,41,1,0.5180486,4
6419,22.397682,71,1,0.5180486,0
6420,29.079306,7,1,0.5180486,1
6421,-14.78693,202,1,0.5180486,2
6422,25.185685,40,1,0.5180486,3
6423,24.293107,87,1,0.5180486,4
6424,28.417545,30,1,0.5180486,0
6425,-20.898543,250,0,0.5180486,0
6426,-12.327713,250,0,0.5180486,0
6427,23.135457,52,1,0.5180486,1
6428,16.230194,39,1,0.5180486,2
6429,28.556081,18,1,0.5180486,3
6430,-34.849807,250,0,0.5180486,0
6431,-19.395817,250,0,0.5180486,0
6432,28.463846,8,1,0.5180486,1
6433,15.588818,61,1,0.5180486,2
6434,25.783689,26,1,0.5180486,3
6435,10.850981,39,1,0.5180486,4
6436,29.623747,21,1,0.5180486,0
6437,-22.934563,250,0,0.5180486,0
6438,22.702774,26,1,0.5180486,1
6439,26.155637,24,1,0.5180486,2
6440,-18.852953,250,0,0.5180486,0
6441,21.511926,81,1,0.5180486,1
6442,-49.454897,250,0,0.5180486,0
6443,-17.338201,250,0,0.5180486,0
6444,28.736848,36,1,0.5180486,1
6445,-16.977597,250,0,0.5180486,0
6446,26.150524,35,1,0.5180486,1
6447,27.035786,23,1,0.5180486,2
6448,29.089084,17,1,0.5180486,3
6449,22.843741,131,1,0.5180486,4
6450,30.262073,28,1,0.5180486,0
6451,24.264345,33,1,0.5180486,1
6452,29.227889,13,1,0.5180486,2
6453,27.156923,20,1,0.5180486,3
6454,21.306849,23,1,0.5180486,4
6455,25.272237,31,1,0.5180486,0
6456,-3.111602,55,1,0.5180486,1
6457,28.558489,36,1,0.5180486,2
6458,29.12094,17,1,0.5180486,3
6459,27.52772,9,1,0.5180486,4
6460,29.082863,22,1,0.5180486,0
6461,-16.054387,250,0,0.5180486,0
6462,30.399498,17,1,0.5180486,1
6463,16.064195,56,1,0.5180486,2
6464,-41.619053,250,0,0.5180486,0
6465,23.866941,38,1,0.5180486,1
6466,-9.790877,250,0,0.5180486,0
6467,30.23801,19,1,0.5180486,1
6468,-18.888903,250,0,0.5180486,0
6469,-19.072483,250,0,0.5180486,0
6470,-58.307093,250,0,0.5180486,0
6471,27.898632,25,1,0.5180486,1
6472,16.56345,52,1,0.5180486,2
6473,28.490441,14,1,0.5180486,3
6474,27.459026,48,1,0.5180486,4
6475,28.531702,33,1,0.5180486,0
6476,28.623363,10,1,0.5180486,1
6477,28.209858,20,1,0.5180486,2
6478,29.46225,14,1,0.5180486,3
6479,26.093181,11,1,0.5180486,4
6480,30.00475,10,1,0.5180486,0
6481,21.863705,42,1,0.5180486,1
6482,25.205637,40,1,0.5180486,2
6483,27.758065,9,1,0.5180486,3
6484,23.575889,21,1,0.5180486,4
6485,28.542224,23,1,0.5180486,0
6486,-91.009735,250,0,0.5180486,0
6487,27.42925,20,1,0.5180486,1
6488,31.067409,15,1,0.5180486,2
6489,30.773749,19,1,0.5180486,3
6490,28.009681,36,1,0.5180486,4
6491,-15.475481,250,0,0.5180486,0
6492,27.914589,40,1,0.5180486,1
6493,20.206564,42,1,0.5180486,2
6494,-15.034266,250,0,0.5180486,0
6495,27.556358,31,1,0.5180486,1
6496,22.862135,67,1,0.5180486,2
6497,4.565552,63,1,0.5180486,3
6498,-5.15102,61,1,0.5180486,4
6499,23.188224,66,1,0.5180486,0
6500,27.087548,26,1,0.5180486,1
6501,28.710284,24,1,0.5180486,2
6502,-19.330518,250,0,0.5180486,0
6503,29.91977,12,1,0.5180486,1
6504,31.970803,13,1,0.5180486,2
6505,27.349842,26,1,0.5180486,3
6506,-21.019167,250,0,0.5180486,0
6507,27.589324,18,1,0.5180486,1
6508,25.581876,11,1,0.5180486,2
6509,27.688747,5,1,0.5180486,3
6510,27.221706,33,1,0.5180486,4
6511,25.345171,1,1,0.5180486,0
6512,26.866536,32,1,0.5180486,1
6513,-11.048749,250,0,0.5180486,0
6514,-18.188273,250,0,0.5180486,0
6515,-12.889254,250,0,0.5180486,0
6516,14.887808,54,1,0.5180486,1
6517,28.179105,16,1,0.5180486,2
6518,22.008426,42,1,0.5180486,3
6519,-16.828449,250,0,0.5180486,0
6520,-19.798955,250,0,0.5180486,0
6521,25.85747,41,1,0.5180486,1
6522,31.284585,15,1,0.5180486,2
6523,27.920202,17,1,0.5180486,3
6524,-28.785571,250,0,0.5180486,0
6525,28.707771,16,1,0.5180486,1
6526,29.765512,18,1,0.5180486,2
6527,22.668556,27,1,0.5180486,3
6528,-8.458416,250,0,0.5180486,0
6529,-21.881384,250,0,0.5180486,0
6530,31.013686,11,1,0.5180486,1
6531,26.62632,16,1,0.5180486,2
6532,25.090178,85,1,0.5180486,3
6533,28.819176,27,1,0.5180486,4
6534,14.395019,32,1,0.5180486,0
6535,29.635475,30,1,0.5180486,1
6536,-171.52805,250,0,0.5180486,0
6537,17.552752,44,1,0.5180486,1
6538,20.398068,32,1,0.5180486,2
6539,24.610039,66,1,0.5180486,3
6540,30.232155,11,1,0.5180486,4
6541,29.491781,13,1,0.5180486,0
6542,27.135057,8,1,0.5180486,1
6543,26.859819,30,1,0.5180486,2
6544,26.047653,12,1,0.5180486,3
6545,25.233779,61,1,0.5180486,4
6546,26.534347,21,1,0.5180486,0
6547,23.223018,109,1,0.5180486,1
6548,29.581432,26,1,0.5180486,2
6549,25.8845,47,1,0.5180486,3
6550,25.186431,52,1,0.5180486,4
6551,-222.158533,250,0,0.5180486,0
6552,27.891134,31,1,0.5180486,1
6553,25.447687,41,1,0.5180486,2
6554,23.000795,25,1,0.5180486,3
6555,27.690694,41,1,0.5180486,4
6556,-16.265032,250,0,0.5180486,0
6557,28.028313,36,1,0.5180486,1
6558,27.5144,23,1,0.5180486,2
6559,28.742916,23,1,0.5180486,3
6560,30.1026,12,1,0.5180486,4
6561,28.984425,12,1,0.5180486,0
6562,28.585229,30,1,0.5180486,1
6563,-2.83051,104,1,0.5180486,2
6564,29.24091,25,1,0.5180486,3
6565,27.217194,34,1,0.5180486,4
6566,22.599493,42,1,0.5180486,0
6567,11.8405,46,1,0.5180486,1
6568,26.982973,5,1,0.5180486,2
6569,9.249933,38,1,0.5180486,3
6570,26.253846,34,1,0.5180486,4
6571,-27.770449,250,0,0.5180486,0
6572,-19.693126,250,0,0.5180486,0
6573,30.143764,18,1,0.5180486,1
6574,27.405579,35,1,0.5180486,2
6575,26.1871,4,1,0.5180486,3
6576,25.539765,31,1,0.5180486,4
6577,31.178013,16,1,0.5180486,0
6578,27.109862,19,1,0.5180486,1
6579,26.822576,42,1,0.5180486,2
6580,16.965777,105,1,0.5180486,3
6581,-9.505972,250,0,0.5180486,0
6582,25.572592,12,1,0.5180486,1
6583,20.799319,52,1,0.5180486,2
6584,29.645187,12,1,0.5180486,3
6585,20.253344,28,1,0.5180486,4
6586,15.319313,167,1,0.5180486,0
6587,30.789445,13,1,0.5180486,1
6588,29.156541,14,1,0.5180486,2
6589,27.99327,22,1,0.5180486,3
6590,-27.719326,250,0,0.5180486,0
6591,20.317623,65,1,0.5180486,1
6592,28.905425,20,1,0.5180486,2
6593,27.321608,24,1,0.5180486,3
6594,-15.979295,250,0,0.5180486,0
6595,23.165168,53,1,0.5180486,1
6596,29.83044,13,1,0.5180486,2
6597,27.919415,39,1,0.5180486,3
6598,28.991209,23,1,0.5180486,4
6599,28.678246,7,1,0.5180486,0
6600,26.208409,11,1,0.5180486,1
6601,-16.322538,250,0,0.5180486,0
6602,29.865025,18,1,0.5180486,1
6603,23.138416,36,1,0.5180486,2
6604,27.009199,25,1,0.5180486,3
6605,28.26407,27,1,0.5180486,4
6606,-27.948571,250,0,0.5180486,0
6607,26.669889,46,1,0.5180486,1
6608,-17.892528,250,0,0.5180486,0
6609,29.403192,21,1,0.5180486,1
6610,27.338373,10,1,0.5180486,2
6611,29.347844,25,1,0.5180486,3
6612,26.003136,13,1,0.5180486,4
6613,28.580376,10,1,0.5180486,0
6614,29.280726,15,1,0.5180486,1
6615,29.391899,24,1,0.5180486,2
6616,21.00309,39,1,0.5180486,3
6617,24.959197,31,1,0.5180486,4
6618,27.203153,37,1,0.5180486,0
6619,23.762987,110,1,0.5180486,1
6620,27.408041,47,1,0.5180486,2
6621,26.882951,40,1,0.5180486,3
6622,-24.854669,250,0,0.5180486,0
6623,26.89464,25,1,0.5180486,1
6624,-19.412476,250,0,0.5180486,0
6625,18.068512,38,1,0.5180486,1
6626,26.621327,17,1,0.5180486,2
6627,12.030607,49,1,0.5180486,3
6628,28.21544,23,1,0.5180486,4
6629,27.11452,36,1,0.5180486,0
6630,24.80796,32,1,0.5180486,1
6631,22.043858,86,1,0.5180486,2
6632,29.169503,24,1,0.5180486,3
6633,29.646166,10,1,0.5180486,4
6634,21.882326,66,1,0.5180486,0
6635,24.638207,27,1,0.5180486,1
6636,-26.506245,250,0,0.5180486,0
6637,27.599272,22,1,0.5180486,1
6638,23.48138,75,1,0.5180486,2
6639,23.522435,54,1,0.5180486,3
6640,21.455875,31,1,0.5180486,4
6641,8.565214,172,1,0.5180486,0
6642,-51.089775,250,0,0.5180486,0
6643,19.714133,34,1,0.5180486,1
6644,25.877448,10,1,0.5180486,2
6645,31.023234,30,1,0.5180486,3
6646,24.146527,45,1,0.5180486,4
6647,29.022165,15,1,0.5180486,0
6648,29.213783,27,1,0.5180486,1
6649,30.13501,24,1,0.5180486,2
6650,-22.438396,250,0,0.5180486,0
6651,26.298029,53,1,0.5180486,1
6652,26.808129,63,1,0.5180486,2
6653,25.183744,68,1,0.5180486,3
6654,29.615447,16,1,0.5180486,4
6655,-48.024748,250,0,0.5180486,0
6656,15.401222,40,1,0.5180486,1
6657,-25.886871,250,0,0.5180486,0
6658,25.962287,6,1,0.5180486,1
6659,28.2674,27,1,0.5180486,2
6660,17.620545,107,1,0.5180486,3
6661,26.159086,25,1,0.5180486,4
6662,29.843725,19,1,0.5180486,0
6663,9.299905,60,1,0.5180486,1
6664,28.7287,18,1,0.5180486,2
6665,29.030209,21,1,0.5180486,3
6666,24.703545,21,1,0.5180486,4
6667,-44.210793,250,0,0.5180486,0
6668,-36.81877,250,0,0.5180486,0
6669,26.804811,14,1,0.5180486,1
6670,28.07248,29,1,0.5180486,2
6671,30.139485,23,1,0.5180486,3
6672,-7.08577,174,1,0.5180486,4
6673,27.47156,28,1,0.5180486,0
6674,23.122368,39,1,0.5180486,1
6675,27.811839,18,1,0.5180486,2
6676,27.567366,13,1,0.5180486,3
6677,24.619108,34,1,0.5180486,4
6678,15.768682,50,1,0.5180486,0
6679,20.806217,39,1,0.5180486,1
6680,5.028569,53,1,0.5180486,2
6681,28.609294,7,1,0.5180486,3
6682,29.57522,30,1,0.5180486,4
6683,-17.875906,250,0,0.5180486,0
6684,11.691616,134,1,0.5180486,1
6685,10.327319,35,1,0.5180486,2
6686,30.192166,21,1,0.5180486,3
6687,-21.860085,250,0,0.5180486,0
6688,22.304644,59,1,0.5180486,1
6689,26.822897,19,1,0.5180486,2
6690,6.350195,46,1,0.5180486,3
6691,21.527987,90,1,0.5180486,4
6692,25.06568,28,1,0.5180486,0
6693,25.986134,46,1,0.5180486,1
6694,21.274364,53,1,0.5180486,2
6695,28.869453,23,1,0.5180486,3
6696,-16.767943,250,0,0.5180486,0
6697,-203.502761,250,0,0.5180486,0
6698,-3.199248,62,1,0.5180486,1
6699,16.475897,42,1,0.5180486,2
6700,25.434402,26,1,0.5180486,3
6701,28.485733,64,1,0.5180486,4
6702,28.461438,9,1,0.5180486,0
6703,25.395088,67,1,0.5180486,1
6704,31.140454,18,1,0.5180486,2
6705,30.762922,21,1,0.5180486,3
6706,-10.944994,250,0,0.5180486,0
6707,24.419833,73,1,0.5180486,1
6708,-19.064149,250,0,0.5180486,0
6709,23.535414,46,1,0.5180486,1
6710,29.969718,18,1,0.5180486,2
6711,27.768186,60,1,0.5180486,3
6712,29.8729,39,1,0.5180486,4
6713,26.861492,24,1,0.5180486,0
6714,28.091912,15,1,0.5180486,1
6715,28.842382,19,1,0.5180486,2
6716,-153.10563,250,0,0.5180486,0
6717,29.851235,21,1,0.5180486,1
6718,23.573853,26,1,0.5180486,2
6719,11.501268,49,1,0.5180486,3
6720,29.262463,22,1,0.5180486,4
6721,-187.715005,250,0,0.5180486,0
6722,28.086119,20,1,0.5180486,1
6723,12.418692,25,1,0.5180486,2
6724,30.36946,8,1,0.5180486,3
6725,29.453208,25,1,0.5180486,4
6726,26.707107,42,1,0.5180486,0
6727,22.254411,20,1,0.5180486,1
6728,25.148541,43,1,0.5180486,2
6729,24.242216,41,1,0.5180486,3
6730,27.433886,19,1,0.5180486,4
6731,26.109764,28,1,0.5180486,0
6732,17.853083,141,1,0.5180486,1
6733,28.938057,27,1,0.5180486,2
6734,13.96816,53,1,0.5180486,3
6735,-59.386097,250,0,0.5180486,0
6736,-22.200101,250,0,0.5180486,0
6737,-20.039511,250,0,0.5180486,0
6738,-56.970282,141,1,0.5180486,1
6739,30.547256,19,1,0.5180486,2
6740,-13.931254,113,1,0.5180486,3
6741,27.789132,30,1,0.5180486,4
6742,27.783157,31,1,0.5180486,0
6743,-31.290256,250,0,0.5180486,0
6744,-10.754396,250,0,0.5180486,0
6745,27.990336,13,1,0.5180486,1
6746,30.661111,16,1,0.5180486,2
6747,-30.703044,250,0,0.5180486,0
6748,25.645928,38,1,0.5180486,1
6749,20.673631,63,1,0.5180486,2
6750,23.091816,43,1,0.5180486,3
6751,29.66662,10,1,0.5180486,4
6752,31.215298,16,1,0.5180486,0
6753,-38.457686,250,0,0.5180486,0
6754,28.797019,13,1,0.5180486,1
6755,27.557668,9,1,0.5180486,2
6756,27.494864,21,1,0.5180486,3
6757,31.56567,12,1,0.5180486,4
6758,30.147989,22,1,0.5180486,0
6759,28.194781,5,1,0.5180486,1
6760,26.535466,41,1,0.5180486,2
6761,30.505485,12,1,0.5180486,3
6762,31.3207,14,1,0.5180486,4
6763,29.068518,16,1,0.5180486,0
6764,30.663747,38,1,0.5180486,1
6765,19.737963,44,1,0.5180486,2
6766,-31.578833,250,0,0.5180486,0
6767,27.294598,32,1,0.5180486,1
6768,16.760809,48,1,0.5180486,2
6769,26.995512,25,1,0.5180486,3
6770,24.248437,46,1,0.5180486,4
6771,29.3287,16,1,0.5180486,0
6772,31.142873,19,1,0.5180486,1
6773,-2.573543,37,1,0.5180486,2
6774,-61.157414,250,0,0.5180486,0
6775,28.647221,14,1,0.5180486,1
6776,29.660803,20,1,0.5180486,2
6777,31.509634,14,1,0.5180486,3
6778,28.938268,26,1,0.5180486,4
6779,24.522099,27,1,0.5180486,0
6780,-225.71241,250,0,0.5180486,0
6781,27.987299,24,1,0.5180486,1
6782,-100.176329,250,0,0.5180486,0
6783,-61.250605,250,0,0.5180486,0
6784,25.121262,25,1,0.5180486,1
6785,-21.428866,250,0,0.5180486,0
6786,-14.823121,250,0,0.5180486,0
6787,28.746231,22,1,0.5180486,1
6788,26.355181,39,1,0.5180486,2
6789,-11.984437,250,0,0.5180486,0
6790,25.63546,28,1,0.5180486,1
6791,27.853327,17,1,0.5180486,2
6792,-14.820127,250,0,0.5180486,0
6793,-16.980565,250,0,0.5180486,0
6794,28.548101,18,1,0.5180486,1
6795,20.005163,52,1,0.5180486,2
6796,21.494416,49,1,0.5180486,3
6797,-9.629386,250,0,0.5180486,0
6798,30.113431,10,1,0.5180486,1
6799,9.787129,97,1,0.5180486,2
6800,25.813466,35,1,0.5180486,3
6801,29.22329,21,1,0.5180486,4
6802,28.620669,25,1,0.5180486,0
6803,-16.09642,250,0,0.5180486,0
6804,29.15987,27,1,0.5180486,1
6805,22.525132,56,1,0.5180486,2
6806,-87.423918,250,0,0.5180486,0
6807,30.780108,13,1,0.5180486,1
6808,29.056955,52,1,0.5180486,2
6809,15.747925,37,1,0.5180486,3
6810,21.036438,155,1,0.5180486,4
6811,27.670667,24,1,0.5180486,0
6812,26.74617,24,1,0.5180486,1
6813,25.669149,42,1,0.5180486,2
6814,24.189449,43,1,0.5180486,3
6815,20.378918,45,1,0.5180486,4
6816,29.062443,25,1,0.5180486,0
6817,-27.805712,250,0,0.5180486,0
6818,29.500856,33,1,0.5180486,1
6819,22.574042,30,1,0.5180486,2
6820,26.128885,35,1,0.5180486,3
6821,30.656459,16,1,0.5180486,4
6822,17.487113,27,1,0.5180486,0
6823,24.239829,29,1,0.5180486,1
6824,-32.535559,250,0,0.5180486,0
6825,11.939396,27,1,0.5180486,1
6826,27.645934,19,1,0.5180486,2
6827,25.669713,44,1,0.5180486,3
6828,5.626816,81,1,0.5180486,4
6829,24.578418,18,1,0.5180486,0
6830,29.344394,15,1,0.5180486,1
6831,25.619999,34,1,0.5180486,2
6832,27.972331,6,1,0.5180486,3
6833,-4.527869,86,1,0.5180486,4
6834,28.595361,29,1,0.5180486,0
6835,-42.174969,250,0,0.5180486,0
6836,24.876151,46,1,0.5180486,1
6837,17.326043,49,1,0.5180486,2
6838,-15.607754,250,0,0.5180486,0
6839,27.89076,18,1,0.5180486,1
6840,23.020255,29,1,0.5180486,2
6841,-20.447451,250,0,0.5180486,0
6842,-27.633361,250,0,0.5180486,0
6843,29.316037,32,1,0.5180486,1
6844,25.936879,28,1,0.5180486,2
6845,-26.475464,250,0,0.5180486,0
6846,27.30222,38,1,0.5180486,1
6847,20.870319,97,1,0.5180486,2
6848,30.86458,22,1,0.5180486,3
6849,25.060371,59,1,0.5180486,4
6850,31.347385,25,1,0.5180486,0
6851,-57.9971,116,1,0.5180486,1
6852,26.103163,16,1,0.5180486,2
6853,-20.496092,250,0,0.5180486,0
6854,-19.399792,250,0,0.5180486,0
6855,20.4538,43,1,0.5180486,1
6856,24.570304,26,1,0.5180486,2
6857,26.865826,63,1,0.5180486,3
6858,30.893665,17,1,0.5180486,4
6859,21.473514,30,1,0.5180486,0
6860,26.659136,14,1,0.5180486,1
6861,22.549645,38,1,0.5180486,2
6862,27.105028,14,1,0.5180486,3
6863,19.545556,127,1,0.5180486,4
6864,23.776285,115,1,0.5180486,0
6865,27.316013,37,1,0.5180486,1
6866,30.690898,20,1,0.5180486,2
6867,26.850985,9,1,0.5180486,3
6868,-67.81119,250,0,0.5180486,0
6869,25.535941,37,1,0.5180486,1
6870,21.665225,112,1,0.5180486,2
6871,28.949543,28,1,0.5180486,3
6872,27.826998,16,1,0.5180486,4
6873,29.4181,29,1,0.5180486,0
6874,26.783348,36,1,0.5180486,1
6875,23.253474,60,1,0.5180486,2
6876,31.026286,16,1,0.5180486,3
6877,28.706026,41,1,0.5180486,4
6878,21.087939,127,1,0.5180486,0
6879,27.815071,22,1,0.5180486,1
6880,-15.894023,250,0,0.5180486,0
6881,-13.333186,250,0,0.5180486,0
6882,30.264437,13,1,0.5180486,1
6883,-27.199873,250,0,0.5180486,0
6884,-15.703909,250,0,0.5180486,0
6885,29.767359,17,1,0.5180486,1
6886,-98.297623,250,0,0.5180486,0
6887,29.797772,15,1,0.5180486,1
6888,20.555009,55,1,0.5180486,2
6889,23.596252,49,1,0.5180486,3
6890,27.686057,16,1,0.5180486,4
6891,27.551389,24,1,0.5180486,0
6892,-19.265537,250,0,0.5180486,0
6893,20.061876,65,1,0.5180486,1
6894,-11.930295,250,0,0.5180486,0
6895,28.202219,24,1,0.5180486,1
6896,-12.428095,250,0,0.5180486,0
6897,-56.478641,250,0,0.5180486,0
6898,28.256583,29,1,0.5180486,1
6899,26.443543,19,1,0.5180486,2
6900,28.623392,10,1,0.5180486,3
6901,16.601353,125,1,0.5180486,4
6902,-21.97746,250,0,0.5180486,0
6903,29.250119,11,1,0.5180486,1
6904,19.169177,57,1,0.5180486,2
6905,30.981297,10,1,0.5180486,3
6906,25.552421,75,1,0.5180486,4
6907,25.633467,40,1,0.5180486,0
6908,27.950592,18,1,0.5180486,1
6909,-23.58423,250,0,0.5180486,0
6910,-167.380991,250,0,0.5180486,0
6911,25.357657,40,1,0.5180486,1
6912,29.704839,20,1,0.5180486,2
6913,18.43444,100,1,0.5180486,3
6914,26.351014,5,1,0.5180486,4
6915,28.6377,25,1,0.5180486,0
6916,28.787445,12,1,0.5180486,1
6917,18.459087,143,1,0.5180486,2
6918,30.715988,19,1,0.5180486,3
6919,26.738213,14,1,0.5180486,4
6920,28.060016,18,1,0.5180486,0
6921,28.493203,11,1,0.5180486,1
6922,-17.824354,250,0,0.5180486,0
6923,28.808204,28,1,0.5180486,1
6924,20.937372,30,1,0.5180486,2
6925,18.870266,37,1,0.5180486,3
6926,28.70957,10,1,0.5180486,4
6927,31.401127,12,1,0.5180486,0
6928,28.460406,33,1,0.5180486,1
6929,27.456258,27,1,0.5180486,2
6930,-17.586114,250,0,0.5180486,0
6931,-39.237246,250,0,0.5180486,0
6932,29.259466,19,1,0.5180486,1
6933,30.246125,21,1,0.5180486,2
6934,26.452547,88,1,0.5180486,3
6935,-15.382642,250,0,0.5180486,0
6936,27.559227,29,1,0.5180486,1
6937,28.054884,16,1,0.5180486,2
6938,20.350894,45,1,0.5180486,3
6939,-8.634075,75,1,0.5180486,4
6940,29.004958,33,1,0.5180486,0
6941,-29.815773,250,0,0.5180486,0
6942,24.701358,53,1,0.5180486,1
6943,26.476631,27,1,0.5180486,2
6944,29.511366,14,1,0.5180486,3
6945,-48.772229,250,0,0.5180486,0
6946,26.056326,18,1,0.5180486,1
6947,27.809997,14,1,0.5180486,2
6948,-18.486515,250,0,0.5180486,0
6949,15.154163,29,1,0.5180486,1
6950,-131.405607,250,0,0.5180486,0
6951,25.619427,41,1,0.5180486,1
6952,25.391857,29,1,0.5180486,2
6953,-22.315955,250,0,0.5180486,0
6954,21.264031,95,1,0.5180486,1
6955,30.045573,15,1,0.5180486,2
6956,30.173188,10,1,0.5180486,3
6957,-180.755604,250,0,0.5180486,0
6958,29.820654,10,1,0.5180486,1
6959,24.526489,36,1,0.5180486,2
6960,26.000519,83,1,0.5180486,3
6961,19.138328,24,1,0.5180486,4
6962,23.374779,35,1,0.5180486,0
6963,28.934855,27,1,0.5180486,1
6964,21.934369,40,1,0.5180486,2
6965,21.280493,40,1,0.5180486,3
6966,19.696468,41,1,0.5180486,4
6967,25.831502,33,1,0.5180486,0
6968,15.015007,83,1,0.5180486,1
6969,29.814361,37,1,0.5180486,2
6970,19.901377,39,1,0.5180486,3
6971,5.372716,204,1,0.5180486,4
6972,26.883663,37,1,0.5180486,0
6973,26.785292,26,1,0.5180486,1
6974,24.728991,56,1,0.5180486,2
6975,24.473221,44,1,0.5180486,3
6976,-0.87453,162,1,0.5180486,4
6977,-22.484483,250,0,0.5180486,0
6978,27.824066,24,1,0.5180486,1
6979,27.061944,33,1,0.5180486,2
6980,19.975693,49,1,0.5180486,3
6981,-3.231791,69,1,0.5180486,4
6982,-18.751079,250,0,0.5180486,0
6983,26.299002,16,1,0.5180486,1
6984,25.531548,99,1,0.5180486,2
6985,24.458098,50,1,0.5180486,3
6986,29.207185,12,1,0.5180486,4
6987,26.539194,26,1,0.5180486,0
6988,22.537307,14,1,0.5180486,1
6989,27.299179,21,1,0.5180486,2
6990,27.415334,17,1,0.5180486,3
6991,31.035553,13,1,0.5180486,4
6992,24.235688,81,1,0.5180486,0
6993,28.365023,15,1,0.5180486,1
6994,24.312775,74,1,0.5180486,2
6995,26.523506,8,1,0.5180486,3
6996,24.623563,61,1,0.5180486,4
6997,29.456136,13,1,0.5180486,0
6998,27.03388,44,1,0.5180486,1
6999,26.300064,11,1,0.5180486,2
7000,-6.80976,68,1,0.5180486,3
7001,23.723659,38,1,0.5180486,4
7002,29.168171,29,1,0.5180486,0
7003,-27.375237,250,0,0.5180486,0
7004,14.016982,196,1,0.5180486,1
7005,17.140827,61,1,0.5180486,2
7006,18.219546,54,1,0.5180486,3
7007,30.110615,18,1,0.5180486,4
7008,-49.415852,250,0,0.5180486,0
7009,24.356635,27,1,0.5180486,1
7010,28.066257,36,1,0.5180486,2
7011,30.309872,22,1,0.5180486,3
7012,29.763791,27,1,0.5180486,4
7013,25.552328,35,1,0.5180486,0
7014,25.620764,39,1,0.5180486,1
7015,18.711053,209,1,0.5180486,2
7016,24.853384,43,1,0.5180486,3
7017,27.505132,39,1,0.5180486,4
7018,21.886315,20,1,0.5180486,0
7019,26.688089,83,1,0.5180486,1
7020,19.621519,60,1,0.5180486,2
7021,28.278903,18,1,0.5180486,3
7022,25.542357,8,1,0.5180486,4
7023,13.870413,45,1,0.5180486,0
7024,21.801203,34,1,0.5180486,1
7025,-14.665501,250,0,0.5180486,0
7026,16.208508,43,1,0.5180486,1
7027,29.42447,20,1,0.5180486,2
7028,26.583297,36,1,0.5180486,3
7029,23.060724,31,1,0.5180486,4
7030,-10.306696,73,1,0.5180486,0
7031,26.996727,18,1,0.5180486,1
7032,28.904105,34,1,0.5180486,2
7033,28.772079,7,1,0.5180486,3
7034,8.393049,118,1,0.5180486,4
7035,27.140877,47,1,0.5180486,0
7036,27.345496,40,1,0.5180486,1
7037,-156.748186,250,0,0.5180486,0
7038,29.102602,16,1,0.5180486,1
7039,27.998368,21,1,0.5180486,2
7040,28.809522,16,1,0.5180486,3
7041,26.857224,12,1,0.5180486,4
7042,24.545628,76,1,0.5180486,0
7043,30.856506,12,1,0.5180486,1
7044,3.133372,58,1,0.5180486,2
7045,25.247155,1,1,0.5180486,3
7046,28.32591,34,1,0.5180486,4
7047,28.837934,15,1,0.5180486,0
7048,16.577468,31,1,0.5180486,1
7049,-24.650265,63,1,0.5180486,2
7050,18.395981,36,1,0.5180486,3
7051,27.505034,21,1,0.5180486,4
7052,29.956139,13,1,0.5180486,0
7053,21.750251,7,1,0.5180486,1
7054,17.887507,58,1,0.5180486,2
7055,27.558816,26,1,0.5180486,3
7056,13.872183,31,1,0.5180486,4
7057,28.862431,21,1,0.5180486,0
7058,29.719384,21,1,0.5180486,1
7059,31.07323,12,1,0.5180486,2
7060,31.28188,15,1,0.5180486,3
7061,-95.682122,250,0,0.5180486,0
7062,-15.48606,250,0,0.5180486,0
7063,25.495982,38,1,0.5180486,1
7064,15.072988,42,1,0.5180486,2
7065,24.88199,34,1,0.5180486,3
7066,28.294037,19,1,0.5180486,4
7067,29.481416,23,1,0.5180486,0
7068,30.159857,25,1,0.5180486,1
7069,29.594502,28,1,0.5180486,2
7070,26.847798,19,1,0.5180486,3
7071,24.013,28,1,0.5180486,4
7072,29.802987,24,1,0.5180486,0
7073,30.261097,24,1,0.5180486,1
7074,28.94057,21,1,0.5180486,2
7075,22.920154,103,1,0.5180486,3
7076,28.263923,20,1,0.5180486,4
7077,-14.201006,250,0,0.5180486,0
7078,23.666044,50,1,0.5180486,1
7079,27.290135,27,1,0.5180486,2
7080,27.643649,8,1,0.5180486,3
7081,31.341656,16,1,0.5180486,4
7082,-65.633067,250,0,0.5180486,0
7083,16.724878,42,1,0.5180486,1
7084,30.907358,14,1,0.5180486,2
7085,24.963681,24,1,0.5180486,3
7086,29.139212,24,1,0.5180486,4
7087,-21.714794,250,0,0.5180486,0
7088,30.687307,12,1,0.5180486,1
7089,28.715483,26,1,0.5180486,2
7090,25.296406,12,1,0.5180486,3
7091,25.341688,26,1,0.5180486,4
7092,28.808722,26,1,0.5180486,0
7093,26.327263,34,1,0.5180486,1
7094,26.42573,54,1,0.5180486,2
7095,24.870595,47,1,0.5180486,3
7096,-49.006575,136,1,0.5180486,4
7097,26.280726,51,1,0.5180486,0
7098,-33.815249,250,0,0.5180486,0
7099,16.669291,38,1,0.5180486,1
7100,30.005823,10,1,0.5180486,2
7101,31.139871,14,1,0.5180486,3
7102,-16.188067,250,0,0.5180486,0
7103,25.41524,34,1,0.5180486,1
7104,29.229012,12,1,0.5180486,2
7105,29.437979,11,1,0.5180486,3
7106,28.667148,22,1,0.5180486,4
7107,29.177735,15,1,0.5180486,0
7108,-34.065469,250,0,0.5180486,0
7109,23.79747,33,1,0.5180486,1
7110,29.667217,15,1,0.5180486,2
7111,13.573403,61,1,0.5180486,3
7112,-7.700842,250,0,0.5180486,0
7113,-260.745096,250,0,0.5180486,0
7114,21.338452,35,1,0.5180486,1
7115,27.17874,25,1,0.5180486,2
7116,24.473308,53,1,0.5180486,3
7117,-132.415835,250,0,0.5180486,0
7118,27.399946,24,1,0.5180486,1
7119,29.272362,20,1,0.5180486,2
7120,29.501997,12,1,0.5180486,3
7121,21.808767,48,1,0.5180486,4
7122,27.797092,21,1,0.5180486,0
7123,29.896424,28,1,0.5180486,1
7124,28.55324,51,1,0.5180486,2
7125,26.648098,41,1,0.5180486,3
7126,28.272774,26,1,0.5180486,4
7127,30.658998,28,1,0.5180486,0
7128,14.28408,108,1,0.5180486,1
7129,20.96775,49,1,0.5180486,2
7130,22.779755,26,1,0.5180486,3
7131,28.750964,25,1,0.5180486,4
7132,29.495867,21,1,0.5180486,0
7133,7.424652,90,1,0.5180486,1
7134,28.204789,34,1,0.5180486,2
7135,29.137021,10,1,0.5180486,3
7136,-12.518776,250,0,0.5180486,0
7137,27.801801,27,1,0.5180486,1
7138,28.982172,40,1,0.5180486,2
7139,13.539761,48,1,0.5180486,3
7140,25.958024,22,1,0.5180486,4
7141,23.470961,66,1,0.5180486,0
7142,-6.126465,86,1,0.5180486,1
7143,22.735681,53,1,0.5180486,2
7144,27.607963,42,1,0.5180486,3
7145,27.898028,29,1,0.5180486,4
7146,-40.734562,69,1,0.5180486,0
7147,-30.7408,250,0,0.5180486,0
7148,29.98934,11,1,0.5180486,1
7149,25.569419,4,1,0.5180486,2
7150,25.701956,43,1,0.5180486,3
7151,25.690188,40,1,0.5180486,4
7152,30.292837,21,1,0.5180486,0
7153,22.760973,47,1,0.5180486,1
7154,29.099815,30,1,0.5180486,2
7155,30.516736,15,1,0.5180486,3
7156,25.640046,104,1,0.5180486,4
7157,26.333281,47,1,0.5180486,0
7158,22.685885,30,1,0.5180486,1
7159,28.203962,15,1,0.5180486,2
7160,29.489183,14,1,0.5180486,3
7161,-27.470565,250,0,0.5180486,0
7162,30.996925,16,1,0.5180486,1
7163,-35.507744,250,0,0.5180486,0
7164,29.513757,19,1,0.5180486,1
7165,28.534271,18,1,0.5180486,2
7166,28.383436,34,1,0.5180486,3
7167,28.638532,17,1,0.5180486,4
7168,19.065637,26,1,0.5180486,0
7169,29.772928,17,1,0.5180486,1
7170,30.199033,17,1,0.5180486,2
7171,25.430785,23,1,0.5180486,3
7172,27.428443,10,1,0.5180486,4
7173,21.368461,34,1,0.5180486,0
7174,29.95966,26,1,0.5180486,1
7175,29.529525,17,1,0.5180486,2
7176,28.962968,8,1,0.5180486,3
7177,27.285761,9,1,0.5180486,4
7178,12.637027,66,1,0.5180486,0
7179,12.137609,51,1,0.5180486,1
7180,28.213493,20,1,0.5180486,2
7181,26.170736,59,1,0.5180486,3
7182,28.614695,14,1,0.5180486,4
7183,27.885064,23,1,0.5180486,0
7184,28.192184,30,1,0.5180486,1
7185,25.40383,17,1,0.5180486,2
7186,27.524479,32,1,0.5180486,3
7187,22.436728,44,1,0.5180486,4
7188,26.780525,33,1,0.5180486,0
7189,-56.971203,250,0,0.5180486,0
7190,25.344183,44,1,0.5180486,1
7191,25.972605,39,1,0.5180486,2
7192,29.396128,11,1,0.5180486,3
7193,19.984018,140,1,0.5180486,4
7194,-13.265546,250,0,0.5180486,0
7195,24.75998,22,1,0.5180486,1
7196,29.866848,13,1,0.5180486,2
7197,29.675237,16,1,0.5180486,3
7198,-42.767193,250,0,0.5180486,0
7199,26.002819,22,1,0.5180486,1
7200,-14.059871,250,0,0.5180486,0
7201,28.279662,9,1,0.5180486,1
7202,26.387555,25,1,0.5180486,2
7203,26.737054,5,1,0.5180486,3
7204,28.285658,14,1,0.5180486,4
7205,25.792944,27,1,0.5180486,0
7206,24.692188,26,1,0.5180486,1
7207,28.518668,30,1,0.5180486,2
7208,28.12514,22,1,0.5180486,3
7209,-32.094621,71,1,0.5180486,4
7210,26.529367,31,1,0.5180486,0
7211,24.357352,48,1,0.5180486,1
7212,-148.353369,250,0,0.5180486,0
7213,25.919433,29,1,0.5180486,1
7214,27.537368,19,1,0.5180486,2
7215,29.00013,40,1,0.5180486,3
7216,27.760286,20,1,0.5180486,4
7217,25.013888,37,1,0.5180486,0
7218,29.977974,29,1,0.5180486,1
7219,27.890917,17,1,0.5180486,2
7220,18.294302,142,1,0.5180486,3
7221,-37.75712,250,0,0.5180486,0
7222,18.904868,37,1,0.5180486,1
7223,27.17884,3,1,0.5180486,2
7224,8.574384,100,1,0.5180486,3
7225,15.882321,42,1,0.5180486,4
7226,4.183029,107,1,0.5180486,0
7227,23.941899,29,1,0.5180486,1
7228,29.674906,13,1,0.5180486,2
7229,24.109527,44,1,0.5180486,3
7230,-13.542607,105,1,0.5180486,4
7231,27.419448,24,1,0.5180486,0
7232,26.888801,31,1,0.5180486,1
7233,24.948442,44,1,0.5180486,2
7234,-21.736985,250,0,0.5180486,0
7235,29.281071,11,1,0.5180486,1
7236,28.960525,15,1,0.5180486,2
7237,26.173401,29,1,0.5180486,3
7238,-4.369542,150,1,0.5180486,4
7239,27.425477,13,1,0.5180486,0
7240,-21.929467,250,0,0.5180486,0
7241,30.408014,24,1,0.5180486,1
7242,27.95245,54,1,0.5180486,2
7243,-128.303219,250,0,0.5180486,0
7244,-14.906979,250,0,0.5180486,0
7245,19.090399,48,1,0.5180486,1
7246,28.236378,23,1,0.5180486,2
7247,27.632673,26,1,0.5180486,3
7248,27.992848,34,1,0.5180486,4
7249,7.265312,43,1,0.5180486,0
7250,3.838524,87,1,0.5180486,1
7251,29.83168,21,1,0.5180486,2
7252,23.993821,49,1,0.5180486,3
7253,30.869634,13,1,0.5180486,4
7254,26.14542,38,1,0.5180486,0
7255,28.58301,29,1,0.5180486,1
7256,31.013939,11,1,0.5180486,2
7257,8.046426,61,1,0.5180486,3
7258,-22.383335,250,0,0.5180486,0
7259,27.588525,19,1,0.5180486,1
7260,-23.058326,250,0,0.5180486,0
7261,24.70201,1,1,0.5180486,1
7262,26.492763,31,1,0.5180486,2
7263,20.15272,38,1,0.5180486,3
7264,21.232945,41,1,0.5180486,4
7265,20.065351,42,1,0.5180486,0
7266,-177.096568,250,0,0.5180486,0
7267,26.237735,5,1,0.5180486,1
7268,27.552323,27,1,0.5180486,2
7269,26.030813,24,1,0.5180486,3
7270,-29.509295,250,0,0.5180486,0
7271,29.153384,14,1,0.5180486,1
7272,30.036225,29,1,0.5180486,2
7273,30.351845,20,1,0.5180486,3
7274,7.728167,45,1,0.5180486,4
7275,30.780879,25,1,0.5180486,0
7276,27.224545,33,1,0.5180486,1
7277,31.486513,16,1,0.5180486,2
7278,30.505903,17,1,0.5180486,3
7279,27.91426,49,1,0.5180486,4
7280,27.044873,24,1,0.5180486,0
7281,17.290511,35,1,0.5180486,1
7282,30.652617,21,1,0.5180486,2
7283,28.310895,32,1,0.5180486,3
7284,28.552208,31,1,0.5180486,4
7285,16.998789,37,1,0.5180486,0
7286,27.573995,21,1,0.5180486,1
7287,22.956634,30,1,0.5180486,2
7288,24.172263,41,1,0.5180486,3
7289,28.739107,26,1,0.5180486,4
7290,26.832793,24,1,0.5180486,0
7291,29.060491,19,1,0.5180486,1
7292,11.872252,60,1,0.5180486,2
7293,27.94593,34,1,0.5180486,3
7294,29.489435,19,1,0.5180486,4
7295,29.263009,17,1,0.5180486,0
7296,25.775465,24,1,0.5180486,1
7297,29.893646,10,1,0.5180486,2
7298,29.8896,24,1,0.5180486,3
7299,28.461907,29,1,0.5180486,4
7300,26.77791,26,1,0.5180486,0
7301,27.472084,21,1,0.5180486,1
7302,-9.376669,250,0,0.5180486,0
7303,28.107049,28,1,0.5180486,1
7304,8.866872,42,1,0.5180486,2
7305,30.271764,19,1,0.5180486,3
7306,29.69558,16,1,0.5180486,4
7307,26.345027,21,1,0.5180486,0
7308,27.749409,34,1,0.5180486,1
7309,24.716717,42,1,0.5180486,2
7310,21.28199,69,1,0.5180486,3
7311,27.001146,42,1,0.5180486,4
7312,29.467596,20,1,0.5180486,0
7313,-28.662362,250,0,0.5180486,0
7314,24.072676,36,1,0.5180486,1
7315,11.256585,52,1,0.5180486,2
7316,27.081913,11,1,0.5180486,3
7317,24.710772,82,1,0.5180486,4
7318,29.375646,22,1,0.5180486,0
7319,27.687683,8,1,0.5180486,1
7320,26.157368,35,1,0.5180486,2
7321,30.850851,20,1,0.5180486,3
7322,29.823201,26,1,0.5180486,4
7323,-39.469487,250,0,0.5180486,0
7324,28.842792,26,1,0.5180486,1
7325,7.059825,67,1,0.5180486,2
7326,28.863701,15,1,0.5180486,3
7327,-1.548517,39,1,0.5180486,4
7328,28.39127,23,1,0.5180486,0
7329,29.08833,15,1,0.5180486,1
7330,24.683328,32,1,0.5180486,2
7331,27.505847,32,1,0.5180486,3
7332,28.769563,19,1,0.5180486,4
7333,27.784887,16,1,0.5180486,0
7334,-27.259161,250,0,0.5180486,0
7335,29.35485,20,1,0.5180486,1
7336,28.275275,18,1,0.5180486,2
7337,-16.381187,250,0,0.5180486,0
7338,26.525612,25,1,0.5180486,1
7339,27.811104,23,1,0.5180486,2
7340,13.148071,76,1,0.5180486,3
7341,-14.467507,250,0,0.5180486,0
7342,27.606789,15,1,0.5180486,1
7343,-103.402095,250,0,0.5180486,0
7344,29.886041,29,1,0.5180486,1
7345,28.479842,14,1,0.5180486,2
7346,27.549296,33,1,0.5180486,3
7347,26.374231,43,1,0.5180486,4
7348,30.559191,15,1,0.5180486,0
7349,23.145328,45,1,0.5180486,1
7350,28.083164,11,1,0.5180486,2
7351,28.297479,15,1,0.5180486,3
7352,27.513855,17,1,0.5180486,4
7353,30.765167,28,1,0.5180486,0
7354,-17.553492,250,0,0.5180486,0
7355,23.971952,41,1,0.5180486,1
7356,27.308435,29,1,0.5180486,2
7357,23.314104,22,1,0.5180486,3
7358,30.190738,19,1,0.5180486,4
7359,28.521727,27,1,0.5180486,0
7360,28.629487,18,1,0.5180486,1
7361,18.76444,32,1,0.5180486,2
7362,25.522016,51,1,0.5180486,3
7363,-5.915585,52,1,0.5180486,4
7364,21.610804,42,1,0.5180486,0
7365,28.395768,16,1,0.5180486,1
7366,26.974643,52,1,0.5180486,2
7367,25.920699,9,1,0.5180486,3
7368,30.427212,20,1,0.5180486,4
7369,14.150855,122,1,0.5180486,0
7370,29.002337,16,1,0.5180486,1
7371,25.901536,3,1,0.5180486,2
7372,13.57,70,1,0.5180486,3
7373,27.553515,6,1,0.5180486,4
7374,25.19792,13,1,0.5180486,0
7375,28.927995,30,1,0.5180486,1
7376,28.337918,9,1,0.5180486,2
7377,25.860054,28,1,0.5180486,3
7378,30.310076,11,1,0.5180486,4
7379,27.837433,32,1,0.5180486,0
7380,28.241696,40,1,0.5180486,1
7381,30.519042,16,1,0.5180486,2
7382,27.010985,29,1,0.5180486,3
7383,12.276111,51,1,0.5180486,4
7384,30.136804,26,1,0.5180486,0
7385,27.055294,16,1,0.5180486,1
7386,23.276467,31,1,0.5180486,2
7387,28.333672,16,1,0.5180486,3
7388,30.783901,18,1,0.5180486,4
7389,0.179982,81,1,0.5180486,0
7390,25.431636,33,1,0.5180486,1
7391,28.494683,26,1,0.5180486,2
7392,29.598241,8,1,0.5180486,3
7393,23.331922,122,1,0.5180486,4
7394,-12.283973,250,0,0.5180486,0
7395,19.145987,33,1,0.5180486,1
7396,-4.220537,70,1,0.5180486,2
7397,-11.299819,250,0,0.5180486,0
7398,-25.783655,250,0,0.5180486,0
7399,-25.3278,250,0,0.5180486,0
7400,19.980643,48,1,0.5180486,1
7401,27.233406,25,1,0.5180486,2
7402,26.630312,12,1,0.5180486,3
7403,26.90849,28,1,0.5180486,4
7404,-68.574187,187,1,0.5180486,0
7405,26.983344,29,1,0.5180486,1
7406,26.048699,23,1,0.5180486,2
7407,27.837895,22,1,0.5180486,3
7408,30.390116,19,1,0.5180486,4
7409,25.856629,10,1,0.5180486,0
7410,-51.023488,250,0,0.5180486,0
7411,28.172518,30,1,0.5180486,1
7412,17.30606,43,1,0.5180486,2
7413,13.901998,62,1,0.5180486,3
7414,23.635015,50,1,0.5180486,4
7415,26.605676,14,1,0.5180486,0
7416,30.149024,15,1,0.5180486,1
7417,27.215786,59,1,0.5180486,2
7418,28.771604,6,1,0.5180486,3
7419,2.681145,85,1,0.5180486,4
7420,26.880982,48,1,0.5180486,0
7421,27.033357,6,1,0.5180486,1
7422,-13.361646,80,1,0.5180486,2
7423,-55.599623,250,0,0.5180486,0
7424,27.707255,27,1,0.5180486,1
7425,28.74717,14,1,0.5180486,2
7426,10.468366,70,1,0.5180486,3
7427,-83.033187,250,0,0.5180486,0
7428,25.992525,22,1,0.5180486,1
7429,-10.359209,250,0,0.5180486,0
7430,26.843757,17,1,0.5180486,1
7431,-9.8502,250,0,0.5180486,0
7432,29.148,14,1,0.5180486,1
7433,30.700214,14,1,0.5180486,2
7434,-113.541859,250,0,0.5180486,0
7435,23.976357,55,1,0.5180486,1
7436,29.508202,19,1,0.5180486,2
7437,28.685849,27,1,0.5180486,3
7438,27.345161,10,1,0.5180486,4
7439,14.592001,192,1,0.5180486,0
7440,-21.860644,125,1,0.5180486,1
7441,28.42146,36,1,0.5180486,2
7442,29.088774,7,1,0.5180486,3
7443,-14.741304,250,0,0.5180486,0
7444,27.080695,18,1,0.5180486,1
7445,30.324992,13,1,0.5180486,2
7446,28.759813,13,1,0.5180486,3
7447,26.478468,15,1,0.5180486,4
7448,29.598168,7,1,0.5180486,0
7449,16.359097,48,1,0.5180486,1
7450,20.810835,120,1,0.5180486,2
7451,27.114424,15,1,0.5180486,3
7452,-15.502069,250,0,0.5180486,0
7453,-17.030999,250,0,0.5180486,0
7454,12.57489,24,1,0.5180486,1
7455,25.798517,2,1,0.5180486,2
7456,29.016634,15,1,0.5180486,3
7457,28.667397,26,1,0.5180486,4
7458,28.395053,19,1,0.5180486,0
7459,8.142504,85,1,0.5180486,1
7460,28.345923,23,1,0.5180486,2
7461,24.769194,42,1,0.5180486,3
7462,25.05294,25,1,0.5180486,4
7463,28.624545,29,1,0.5180486,0
7464,30.14072,12,1,0.5180486,1
7465,28.627303,7,1,0.5180486,2
7466,-18.849758,250,0,0.5180486,0
7467,23.996071,33,1,0.5180486,1
7468,26.832656,3,1,0.5180486,2
7469,29.572077,24,1,0.5180486,3
7470,26.201661,20,1,0.5180486,4
7471,20.309326,24,1,0.5180486,0
7472,25.72117,8,1,0.5180486,1
7473,25.365251,38,1,0.5180486,2
7474,24.007665,119,1,0.5180486,3
7475,31.355133,17,1,0.5180486,4
7476,30.137069,15,1,0.5180486,0
7477,-45.666536,250,0,0.5180486,0
7478,-32.047931,250,0,0.5180486,0
7479,25.825243,42,1,0.5180486,1
7480,29.55084,18,1,0.5180486,2
7481,22.493404,39,1,0.5180486,3
7482,5.780965,56,1,0.5180486,4
7483,-14.157638,250,0,0.5180486,0
7484,20.967425,8,1,0.5180486,1
7485,23.442609,34,1,0.5180486,2
7486,-20.993943,250,0,0.5180486,0
7487,-38.274581,250,0,0.5180486,0
7488,-19.130011,106,1,0.5180486,1
7489,22.899827,30,1,0.5180486,2
7490,28.229165,28,1,0.5180486,3
7491,23.010009,28,1,0.5180486,4
7492,20.288806,26,1,0.5180486,0
7493,25.50925,27,1,0.5180486,1
7494,25.917536,16,1,0.5180486,2
7495,22.918064,46,1,0.5180486,3
7496,21.116483,34,1,0.5180486,4
7497,-50.123263,250,0,0.5180486,0
7498,0.659835,75,1,0.5180486,1
7499,28.985843,18,1,0.5180486,2
7500,-29.136207,128,1,0.5180486,3
7501,-59.234957,250,0,0.5180486,0
7502,31.659314,15,1,0.5180486,1
7503,-16.402944,250,0,0.5180486,0
7504,25.288059,43,1,0.5180486,1
7505,26.486228,19,1,0.5180486,2
7506,6.275723,63,1,0.5180486,3
7507,14.998868,35,1,0.5180486,4
7508,24.022229,118,1,0.5180486,0
7509,25.417291,58,1,0.5180486,1
7510,25.7785,35,1,0.5180486,2
7511,29.197391,20,1,0.5180486,3
7512,27.197445,18,1,0.5180486,4
7513,30.9377,20,1,0.5180486,0
7514,24.529141,31,1,0.5180486,1
7515,19.279631,76,1,0.5180486,2
7516,31.440975,13,1,0.5180486,3
7517,0.707314,65,1,0.5180486,4
7518,-13.946375,250,0,0.5180486,0
7519,24.325973,27,1,0.5180486,1
7520,29.835082,14,1,0.5180486,2
7521,-49.62806,250,0,0.5180486,0
7522,27.050303,29,1,0.5180486,1
7523,-9.322092,72,1,0.5180486,2
7524,24.729082,31,1,0.5180486,3
7525,26.896634,28,1,0.5180486,4
7526,-224.694887,250,0,0.5180486,0
7527,24.122496,40,1,0.5180486,1
7528,26.481455,20,1,0.5180486,2
7529,28.361293,8,1,0.5180486,3
7530,30.420272,14,1,0.5180486,4
7531,20.832703,31,1,0.5180486,0
7532,29.002966,23,1,0.5180486,1
7533,26.959446,13,1,0.5180486,2
7534,27.463284,77,1,0.5180486,3
7535,29.64713,19,1,0.5180486,4
7536,-111.937168,250,0,0.5180486,0
7537,-15.745924,250,0,0.5180486,0
7538,27.415446,23,1,0.5180486,1
7539,29.011114,25,1,0.5180486,2
7540,28.610178,23,1,0.5180486,3
7541,25.683098,34,1,0.5180486,4
7542,22.33611,45,1,0.5180486,0
7543,10.480879,118,1,0.5180486,1
7544,31.139412,14,1,0.5180486,2
7545,16.736259,41,1,0.5180486,3
7546,17.237893,41,1,0.5180486,4
7547,26.164942,29,1,0.5180486,0
7548,26.725087,35,1,0.5180486,1
7549,25.237967,35,1,0.5180486,2
7550,29.21559,15,1,0.5180486,3
7551,24.851341,66,1,0.5180486,4
7552,27.945819,62,1,0.5180486,0
7553,28.239677,24,1,0.5180486,1
7554,29.874628,19,1,0.5180486,2
7555,-14.103437,148,1,0.5180486,3
7556,26.954636,46,1,0.5180486,4
7557,21.919836,72,1,0.5180486,0
7558,-17.397378,250,0,0.5180486,0
7559,28.253306,46,1,0.5180486,1
7560,24.48395,27,1,0.5180486,2
7561,29.650474,9,1,0.5180486,3
7562,19.204256,181,1,0.5180486,4
7563,-14.688268,250,0,0.5180486,0
7564,-18.962971,76,1,0.5180486,1
7565,-31.573132,250,0,0.5180486,0
7566,-20.631412,79,1,0.5180486,1
7567,-13.472367,250,0,0.5180486,0
7568,-18.982275,250,0,0.5180486,0
7569,-18.397183,250,0,0.5180486,0
7570,25.740884,41,1,0.5180486,1
7571,29.049515,19,1,0.5180486,2
7572,28.671012,10,1,0.5180486,3
7573,28.630205,35,1,0.5180486,4
7574,29.444298,14,1,0.5180486,0
7575,30.028755,24,1,0.5180486,1
7576,-4.080635,74,1,0.5180486,2
7577,17.161222,40,1,0.5180486,3
7578,29.739975,20,1,0.5180486,4
7579,-251.18396,250,0,0.5180486,0
7580,30.203886,15,1,0.5180486,1
7581,25.485996,1,1,0.5180486,2
7582,29.203338,13,1,0.5180486,3
7583,12.757685,50,1,0.5180486,4
7584,24.774405,55,1,0.5180486,0
7585,28.235389,24,1,0.5180486,1
7586,28.12181,11,1,0.5180486,2
7587,25.588261,32,1,0.5180486,3
7588,27.993461,12,1,0.5180486,4
7589,28.078578,6,1,0.5180486,0
7590,5.110823,52,1,0.5180486,1
7591,27.647614,34,1,0.5180486,2
7592,26.681899,57,1,0.5180486,3
7593,30.741212,9,1,0.5180486,4
7594,24.184988,64,1,0.5180486,0
7595,26.017422,45,1,0.5180486,1
7596,28.800893,11,1,0.5180486,2
7597,26.418485,52,1,0.5180486,3
7598,6.777699,47,1,0.5180486,4
7599,23.664287,40,1,0.5180486,0
7600,15.18226,48,1,0.5180486,1
7601,24.154034,83,1,0.5180486,2
7602,26.533644,19,1,0.5180486,3
7603,22.247168,68,1,0.5180486,4
7604,27.512466,7,1,0.5180486,0
7605,29.411913,20,1,0.5180486,1
7606,-15.372398,250,0,0.5180486,0
7607,27.027153,35,1,0.5180486,1
7608,23.812299,39,1,0.5180486,2
7609,27.531942,9,1,0.5180486,3
7610,-14.301933,250,0,0.5180486,0
7611,28.650776,17,1,0.5180486,1
7612,27.883615,31,1,0.5180486,2
7613,-18.253049,250,0,0.5180486,0
7614,22.966301,45,1,0.5180486,1
7615,-19.841654,250,0,0.5180486,0
7616,27.469369,6,1,0.5180486,1
7617,27.314296,19,1,0.5180486,2
7618,27.394083,35,1,0.5180486,3
7619,25.145571,7,1,0.5180486,4
7620,-219.50969,250,0,0.5180486,0
7621,26.591673,4,1,0.5180486,1
7622,27.544337,13,1,0.5180486,2
7623,29.070336,15,1,0.5180486,3
7624,-31.401167,250,0,0.5180486,0
7625,29.03257,22,1,0.5180486,1
7626,29.862743,12,1,0.5180486,2
7627,22.633426,31,1,0.5180486,3
7628,27.744374,25,1,0.5180486,4
7629,14.433811,49,1,0.5180486,0
7630,15.951601,201,1,0.5180486,1
7631,-19.297066,250,0,0.5180486,0
7632,26.072421,38,1,0.5180486,1
7633,-145.447522,250,0,0.5180486,0
7634,29.879076,19,1,0.5180486,1
7635,30.127871,16,1,0.5180486,2
7636,27.708231,51,1,0.5180486,3
7637,8.363613,36,1,0.5180486,4
7638,25.260448,72,1,0.5180486,0
7639,25.416116,17,1,0.5180486,1
7640,23.341852,47,1,0.5180486,2
7641,-37.276146,250,0,0.5180486,0
7642,24.129756,49,1,0.5180486,1
7643,20.054403,64,1,0.5180486,2
7644,23.734865,32,1,0.5180486,3
7645,29.201066,20,1,0.5180486,4
7646,30.525581,17,1,0.5180486,0
7647,27.739585,7,1,0.5180486,1
7648,-15.660132,250,0,0.5180486,0
7649,26.094083,40,1,0.5180486,1
7650,30.192142,16,1,0.5180486,2
7651,26.512163,30,1,0.5180486,3
7652,28.314159,23,1,0.5180486,4
7653,29.336837,16,1,0.5180486,0
7654,21.627993,49,1,0.5180486,1
7655,-234.605888,250,0,0.5180486,0
7656,2.76441,106,1,0.5180486,1
7657,-21.57954,250,0,0.5180486,0
7658,28.773606,25,1,0.5180486,1
7659,18.91523,42,1,0.5180486,2
7660,31.652269,26,1,0.5180486,3
7661,29.492248,12,1,0.5180486,4
7662,26.957849,37,1,0.5180486,0
7663,2.770984,65,1,0.5180486,1
7664,-10.136099,250,0,0.5180486,0
7665,29.129082,20,1,0.5180486,1
7666,20.869299,51,1,0.5180486,2
7667,-12.276962,250,0,0.5180486,0
7668,24.775347,31,1,0.5180486,1
7669,-2.891116,74,1,0.5180486,2
7670,-17.50803,250,0,0.5180486,0
7671,28.507925,22,1,0.5180486,1
7672,26.528007,40,1,0.5180486,2
7673,28.750633,16,1,0.5180486,3
7674,27.984773,29,1,0.5180486,4
7675,27.774528,24,1,0.5180486,0
7676,28.499227,20,1,0.5180486,1
7677,-17.995801,250,0,0.5180486,0
7678,26.827232,38,1,0.5180486,1
7679,28.224354,56,1,0.5180486,2
7680,27.163728,29,1,0.5180486,3
7681,29.050468,24,1,0.5180486,4
7682,29.240012,22,1,0.5180486,0
7683,29.255822,19,1,0.5180486,1
7684,8.559241,51,1,0.5180486,2
7685,-90.935271,250,0,0.5180486,0
7686,-34.476456,250,0,0.5180486,0
7687,-16.600839,250,0,0.5180486,0
7688,19.412915,52,1,0.5180486,1
7689,-18.5758,250,0,0.5180486,0
7690,30.581778,23,1,0.5180486,1
7691,-44.291262,250,0,0.5180486,0
7692,27.798613,32,1,0.5180486,1
7693,10.620226,49,1,0.5180486,2
7694,27.364151,35,1,0.5180486,3
7695,29.447262,25,1,0.5180486,4
7696,24.628592,43,1,0.5180486,0
7697,19.745622,45,1,0.5180486,1
7698,28.282611,33,1,0.5180486,2
7699,26.385715,27,1,0.5180486,3
7700,29.944754,16,1,0.5180486,4
7701,27.951329,24,1,0.5180486,0
7702,18.603531,43,1,0.5180486,1
7703,30.137831,27,1,0.5180486,2
7704,15.554318,78,1,0.5180486,3
7705,22.705397,40,1,0.5180486,4
7706,-56.945947,250,0,0.5180486,0
7707,-35.407584,250,0,0.5180486,0
7708,20.095723,21,1,0.5180486,1
7709,27.162189,37,1,0.5180486,2
7710,29.105781,14,1,0.5180486,3
7711,24.447628,39,1,0.5180486,4
7712,-23.108165,250,0,0.5180486,0
7713,27.800462,26,1,0.5180486,1
7714,5.371306,63,1,0.5180486,2
7715,28.568691,21,1,0.5180486,3
7716,25.404676,40,1,0.5180486,4
7717,28.409118,19,1,0.5180486,0
7718,28.911813,15,1,0.5180486,1
7719,25.912813,28,1,0.5180486,2
7720,23.436847,57,1,0.5180486,3
7721,27.78572,13,1,0.5180486,4
7722,-18.336795,250,0,0.5180486,0
7723,-28.002443,250,0,0.5180486,0
7724,27.476476,24,1,0.5180486,1
7725,30.112098,19,1,0.5180486,2
7726,-36.825723,250,0,0.5180486,0
7727,24.49283,28,1,0.5180486,1
7728,30.193547,30,1,0.5180486,2
7729,-11.398146,250,0,0.5180486,0
7730,30.273286,23,1,0.5180486,1
7731,-57.199117,250,0,0.5180486,0
7732,27.493514,34,1,0.5180486,1
7733,28.627409,16,1,0.5180486,2
7734,27.765798,18,1,0.5180486,3
7735,-83.57602,250,0,0.5180486,0
7736,20.776755,47,1,0.5180486,1
7737,12.50558,25,1,0.5180486,2
7738,26.481193,28,1,0.5180486,3
7739,-18.775234,250,0,0.5180486,0
7740,-19.223372,250,0,0.5180486,0
7741,28.947717,12,1,0.5180486,1
7742,21.214658,26,1,0.5180486,2
7743,10.903352,41,1,0.5180486,3
7744,26.135332,50,1,0.5180486,4
7745,28.167608,23,1,0.5180486,0
7746,28.422897,22,1,0.5180486,1
7747,-21.264166,250,0,0.5180486,0
7748,24.359871,33,1,0.5180486,1
7749,21.517792,88,1,0.5180486,2
7750,29.878817,33,1,0.5180486,3
7751,23.085276,102,1,0.5180486,4
7752,11.904737,184,1,0.5180486,0
7753,28.388867,20,1,0.5180486,1
7754,-15.269485,250,0,0.5180486,0
7755,29.470264,18,1,0.5180486,1
7756,27.799455,12,1,0.5180486,2
7757,24.721343,34,1,0.5180486,3
7758,-10.955827,250,0,0.5180486,0
7759,26.486689,5,1,0.5180486,1
7760,28.407834,11,1,0.5180486,2
7761,27.841973,11,1,0.5180486,3
7762,29.83215,20,1,0.5180486,4
7763,28.324356,39,1,0.5180486,0
7764,-18.747833,250,0,0.5180486,0
7765,-23.497832,250,0,0.5180486,0
7766,28.921858,32,1,0.5180486,1
7767,25.408243,33,1,0.5180486,2
7768,26.308595,7,1,0.5180486,3
7769,27.138878,31,1,0.5180486,4
7770,31.243308,19,1,0.5180486,0
7771,-21.791989,250,0,0.5180486,0
7772,13.50292,53,1,0.5180486,1
7773,-1.34547,62,1,0.5180486,2
7774,26.800952,29,1,0.5180486,3
7775,-12.636584,250,0,0.5180486,0
7776,26.20133,40,1,0.5180486,1
7777,-16.726235,250,0,0.5180486,0
7778,-14.355791,250,0,0.5180486,0
7779,26.389781,40,1,0.5180486,1
7780,16.496904,61,1,0.5180486,2
7781,26.291748,14,1,0.5180486,3
7782,19.636923,18,1,0.5180486,4
7783,26.816624,2,1,0.5180486,0
7784,22.493763,34,1,0.5180486,1
7785,-39.428854,250,0,0.5180486,0
7786,29.691342,19,1,0.5180486,1
7787,22.959055,42,1,0.5180486,2
7788,25.931461,7,1,0.5180486,3
7789,-17.379309,250,0,0.5180486,0
7790,24.63906,18,1,0.5180486,1
7791,26.598235,25,1,0.5180486,2
7792,25.641899,38,1,0.5180486,3
7793,29.03831,28,1,0.5180486,4
7794,23.03637,47,1,0.5180486,0
7795,29.758356,23,1,0.5180486,1
7796,19.928299,60,1,0.5180486,2
7797,32.022819,14,1,0.5180486,3
7798,-9.770885,250,0,0.5180486,0
7799,-17.445726,250,0,0.5180486,0
7800,30.050714,25,1,0.5180486,1
7801,12.125195,97,1,0.5180486,2
7802,-58.108355,250,0,0.5180486,0
7803,29.942409,17,1,0.5180486,1
7804,29.031793,36,1,0.5180486,2
7805,-16.286289,250,0,0.5180486,0
7806,26.895409,39,1,0.5180486,1
7807,18.119316,66,1,0.5180486,2
7808,-19.865377,250,0,0.5180486,0
7809,-19.047612,250,0,0.5180486,0
7810,26.731826,42,1,0.5180486,1
7811,28.378528,29,1,0.5180486,2
7812,29.629312,20,1,0.5180486,3
7813,26.584708,24,1,0.5180486,4
7814,30.394914,17,1,0.5180486,0
7815,17.250463,51,1,0.5180486,1
7816,-13.880613,250,0,0.5180486,0
7817,28.831103,32,1,0.5180486,1
7818,-37.836016,250,0,0.5180486,0
7819,28.179275,23,1,0.5180486,1
7820,12.108687,43,1,0.5180486,2
7821,28.604101,19,1,0.5180486,3
7822,-12.183838,250,0,0.5180486,0
7823,27.087972,38,1,0.5180486,1
7824,28.662526,40,1,0.5180486,2
7825,30.853345,13,1,0.5180486,3
7826,22.67251,49,1,0.5180486,4
7827,5.91292,240,1,0.5180486,0
7828,24.851242,27,1,0.5180486,1
7829,-17.931961,250,0,0.5180486,0
7830,-10.637507,69,1,0.5180486,1
7831,28.135364,11,1,0.5180486,2
7832,17.146805,78,1,0.5180486,3
7833,17.588905,167,1,0.5180486,4
7834,21.61754,48,1,0.5180486,0
7835,26.190547,5,1,0.5180486,1
7836,25.800385,55,1,0.5180486,2
7837,5.293544,73,1,0.5180486,3
7838,30.738392,23,1,0.5180486,4
7839,28.794018,16,1,0.5180486,0
7840,29.287393,16,1,0.5180486,1
7841,28.898952,33,1,0.5180486,2
7842,18.727566,90,1,0.5180486,3
7843,29.021428,19,1,0.5180486,4
7844,-23.038485,250,0,0.5180486,0
7845,-13.729969,250,0,0.5180486,0
7846,-57.400797,250,0,0.5180486,0
7847,-16.140388,250,0,0.5180486,0
7848,28.297688,19,1,0.5180486,1
7849,-21.765021,250,0,0.5180486,0
7850,27.175921,23,1,0.5180486,1
7851,31.562993,16,1,0.5180486,2
7852,-17.668607,250,0,0.5180486,0
7853,28.773,18,1,0.5180486,1
7854,22.367266,119,1,0.5180486,2
7855,27.813461,65,1,0.5180486,3
7856,29.79825,16,1,0.5180486,4
7857,25.905542,2,1,0.5180486,0
7858,26.026832,60,1,0.5180486,1
7859,29.976219,15,1,0.5180486,2
7860,27.580219,31,1,0.5180486,3
7861,29.814036,20,1,0.5180486,4
7862,19.164622,22,1,0.5180486,0
7863,-11.748161,250,0,0.5180486,0
7864,20.064865,35,1,0.5180486,1
7865,25.668817,10,1,0.5180486,2
7866,-15.009022,250,0,0.5180486,0
7867,29.165384,19,1,0.5180486,1
7868,-26.785675,250,0,0.5180486,0
7869,-16.976519,250,0,0.5180486,0
7870,-31.507771,250,0,0.5180486,0
7871,-15.519283,250,0,0.5180486,0
7872,-21.608739,250,0,0.5180486,0
7873,28.626447,22,1,0.5180486,1
7874,-15.893866,250,0,0.5180486,0
7875,24.092164,45,1,0.5180486,1
7876,-13.079914,250,0,0.5180486,0
7877,26.708106,26,1,0.5180486,1
7878,13.905709,57,1,0.5180486,2
7879,17.968503,132,1,0.5180486,3
7880,29.197057,19,1,0.5180486,4
7881,27.605733,20,1,0.5180486,0
7882,18.511531,63,1,0.5180486,1
7883,23.733289,34,1,0.5180486,2
7884,29.784529,14,1,0.5180486,3
7885,28.052023,19,1,0.5180486,4
7886,-231.032335,250,0,0.5180486,0
7887,-11.402502,250,0,0.5180486,0
7888,22.921187,85,1,0.5180486,1
7889,27.684476,78,1,0.5180486,2
7890,9.529936,151,1,0.5180486,3
7891,27.79306,25,1,0.5180486,4
7892,26.413649,11,1,0.5180486,0
7893,27.837313,21,1,0.5180486,1
7894,30.591793,15,1,0.5180486,2
7895,26.500898,35,1,0.5180486,3
7896,-80.011769,250,0,0.5180486,0
7897,23.418908,36,1,0.5180486,1
7898,-16.147994,250,0,0.5180486,0
7899,29.368067,24,1,0.5180486,1
7900,26.097343,35,1,0.5180486,2
7901,30.348771,12,1,0.5180486,3
7902,23.762153,96,1,0.5180486,4
7903,30.115062,18,1,0.5180486,0
7904,-20.179825,250,0,0.5180486,0
7905,22.993601,62,1,0.5180486,1
7906,27.992907,26,1,0.5180486,2
7907,25.091038,43,1,0.5180486,3
7908,13.157327,55,1,0.5180486,4
7909,26.858114,36,1,0.5180486,0
7910,31.261402,14,1,0.5180486,1
7911,-39.7275,250,0,0.5180486,0
7912,27.742546,62,1,0.5180486,1
7913,-10.387693,250,0,0.5180486,0
7914,26.453422,27,1,0.5180486,1
7915,28.009569,5,1,0.5180486,2
7916,30.007682,14,1,0.5180486,3
7917,25.888519,24,1,0.5180486,4
7918,-25.681692,250,0,0.5180486,0
7919,20.736958,23,1,0.5180486,1
7920,26.918657,35,1,0.5180486,2
7921,27.133267,30,1,0.5180486,3
7922,-15.137247,250,0,0.5180486,0
7923,24.897091,45,1,0.5180486,1
7924,28.278972,12,1,0.5180486,2
7925,21.36975,94,1,0.5180486,3
7926,14.778184,46,1,0.5180486,4
7927,24.833243,34,1,0.5180486,0
7928,-16.367381,250,0,0.5180486,0
7929,-17.632722,250,0,0.5180486,0
7930,23.435639,55,1,0.5180486,1
7931,-223.163009,250,0,0.5180486,0
7932,28.40196,13,1,0.5180486,1
7933,25.014626,50,1,0.5180486,2
7934,26.07919,23,1,0.5180486,3
7935,27.178816,32,1,0.5180486,4
7936,16.363186,37,1,0.5180486,0
7937,-22.06775,250,0,0.5180486,0
7938,31.100306,18,1,0.5180486,1
7939,28.422321,6,1,0.5180486,2
7940,-39.831769,250,0,0.5180486,0
7941,28.589462,41,1,0.5180486,1
7942,-17.690922,250,0,0.5180486,0
7943,22.772365,27,1,0.5180486,1
7944,-15.328604,250,0,0.5180486,0
7945,-97.984038,250,0,0.5180486,0
7946,-0.495677,215,1,0.5180486,1
7947,29.341437,18,1,0.5180486,2
7948,28.412184,25,1,0.5180486,3
7949,29.728876,12,1,0.5180486,4
7950,23.964595,43,1,0.5180486,0
7951,24.799208,17,1,0.5180486,1
7952,29.760609,18,1,0.5180486,2
7953,26.725007,9,1,0.5180486,3
7954,25.295733,59,1,0.5180486,4
7955,31.175613,11,1,0.5180486,0
7956,25.526394,30,1,0.5180486,1
7957,28.69018,45,1,0.5180486,2
7958,21.469778,76,1,0.5180486,3
7959,25.702072,43,1,0.5180486,4
7960,17.219586,128,1,0.5180486,0
7961,-12.991418,250,0,0.5180486,0
7962,27.034325,24,1,0.5180486,1
7963,27.161722,11,1,0.5180486,2
7964,24.019311,40,1,0.5180486,3
7965,20.009345,27,1,0.5180486,4
7966,25.802692,34,1,0.5180486,0
7967,17.87911,42,1,0.5180486,1
7968,27.696992,26,1,0.5180486,2
7969,27.094382,16,1,0.5180486,3
7970,26.939324,22,1,0.5180486,4
7971,28.004629,25,1,0.5180486,0
7972,29.044457,35,1,0.5180486,1
7973,25.055813,41,1,0.5180486,2
7974,21.09979,30,1,0.5180486,3
7975,26.232175,30,1,0.5180486,4
7976,27.178979,58,1,0.5180486,0
7977,29.567009,8,1,0.5180486,1
7978,3.35554,66,1,0.5180486,2
7979,24.336615,52,1,0.5180486,3
7980,22.709869,44,1,0.5180486,4
7981,22.917537,73,1,0.5180486,0
7982,29.419483,22,1,0.5180486,1
7983,23.757947,65,1,0.5180486,2
7984,30.958326,17,1,0.5180486,3
7985,30.610419,13,1,0.5180486,4
7986,29.73524,26,1,0.5180486,0
7987,-23.780518,250,0,0.5180486,0
7988,17.066353,178,1,0.5180486,1
7989,26.493448,18,1,0.5180486,2
7990,28.388171,22,1,0.5180486,3
7991,27.768853,20,1,0.5180486,4
7992,13.10206,61,1,0.5180486,0
7993,27.688898,17,1,0.5180486,1
7994,28.983433,19,1,0.5180486,2
7995,16.679444,161,1,0.5180486,3
7996,2.753309,101,1,0.5180486,4
7997,28.015495,28,1,0.5180486,0
7998,28.093069,22,1,0.5180486,1
7999,24.786371,43,1,0.5180486,2
8000,23.18614,34,1,0.5180486,3
8001,26.002158,24,1,0.5180486,4
8002,26.119289,29,1,0.5180486,0
8003,27.738851,13,1,0.5180486,1
8004,30.388343,14,1,0.5180486,2
8005,23.705219,33,1,0.5180486,3
8006,29.201253,15,1,0.5180486,4
8007,29.464238,21,1,0.5180486,0
8008,17.332317,50,1,0.5180486,1
8009,27.989088,29,1,0.5180486,2
8010,31.994187,11,1,0.5180486,3
8011,28.697314,14,1,0.5180486,4
8012,26.11806,24,1,0.5180486,0
8013,29.466035,23,1,0.5180486,1
8014,26.019263,23,1,0.5180486,2
8015,28.159465,10,1,0.5180486,3
8016,29.197161,19,1,0.5180486,4
8017,-16.873188,250,0,0.5180486,0
8018,17.890133,57,1,0.5180486,1
8019,-21.990146,250,0,0.5180486,0
8020,26.044357,32,1,0.5180486,1
8021,29.624304,25,1,0.5180486,2
8022,25.643776,29,1,0.5180486,3
8023,-15.915759,75,1,0.5180486,4
8024,25.897103,14,1,0.5180486,0
8025,30.119802,12,1,0.5180486,1
8026,26.434073,28,1,0.5180486,2
8027,6.21713,61,1,0.5180486,3
8028,30.532509,12,1,0.5180486,4
8029,-11.145983,250,0,0.5180486,0
8030,31.544996,14,1,0.5180486,1
8031,26.267351,28,1,0.5180486,2
8032,25.839981,8,1,0.5180486,3
8033,22.929062,22,1,0.5180486,4
8034,-11.801438,250,0,0.5180486,0
8035,20.257853,39,1,0.5180486,1
8036,27.446843,26,1,0.5180486,2
8037,26.279989,21,1,0.5180486,3
8038,26.941738,21,1,0.5180486,4
8039,27.484079,17,1,0.5180486,0
8040,26.896783,6,1,0.5180486,1
8041,24.414441,49,1,0.5180486,2
8042,27.32324,51,1,0.5180486,3
8043,27.303803,20,1,0.5180486,4
8044,26.034081,39,1,0.5180486,0
8045,-13.26342,250,0,0.5180486,0
8046,17.845268,31,1,0.5180486,1
8047,26.244309,35,1,0.5180486,2
8048,28.629913,39,1,0.5180486,3
8049,27.099906,35,1,0.5180486,4
8050,21.305626,69,1,0.5180486,0
8051,20.873822,74,1,0.5180486,1
8052,28.300939,24,1,0.5180486,2
8053,-16.982924,250,0,0.5180486,0
8054,-113.467728,250,0,0.5180486,0
8055,24.404976,43,1,0.5180486,1
8056,29.868378,27,1,0.5180486,2
8057,29.99454,20,1,0.5180486,3
8058,28.823408,16,1,0.5180486,4
8059,18.865265,18,1,0.5180486,0
8060,21.562765,30,1,0.5180486,1
8061,30.223926,18,1,0.5180486,2
8062,10.326587,44,1,0.5180486,3
8063,9.819151,34,1,0.5180486,4
8064,22.247488,59,1,0.5180486,0
8065,22.65278,72,1,0.5180486,1
8066,31.740869,12,1,0.5180486,2
8067,28.065641,14,1,0.5180486,3
8068,17.695909,84,1,0.5180486,4
8069,22.225948,67,1,0.5180486,0
8070,31.735768,11,1,0.5180486,1
8071,21.07628,32,1,0.5180486,2
8072,26.999254,71,1,0.5180486,3
8073,28.122104,14,1,0.5180486,4
8074,-12.000811,250,0,0.5180486,0
8075,31.198713,12,1,0.5180486,1
8076,24.702953,29,1,0.5180486,2
8077,27.772966,31,1,0.5180486,3
8078,31.422084,21,1,0.5180486,4
8079,26.933819,29,1,0.5180486,0
8080,24.850366,48,1,0.5180486,1
8081,3.635106,195,1,0.5180486,2
8082,4.413549,64,1,0.5180486,3
8083,27.358052,39,1,0.5180486,4
8084,26.215855,22,1,0.5180486,0
8085,26.405542,50,1,0.5180486,1
8086,29.645105,8,1,0.5180486,2
8087,29.313097,18,1,0.5180486,3
8088,-56.425582,250,0,0.5180486,0
8089,26.254649,45,1,0.5180486,1
8090,-12.83435,250,0,0.5180486,0
8091,29.928268,10,1,0.5180486,1
8092,25.542194,28,1,0.5180486,2
8093,29.147102,21,1,0.5180486,3
8094,19.831473,127,1,0.5180486,4
8095,27.277927,41,1,0.5180486,0
8096,28.98616,16,1,0.5180486,1
8097,20.689901,33,1,0.5180486,2
8098,-28.385125,250,0,0.5180486,0
8099,5.283005,69,1,0.5180486,1
8100,29.002833,40,1,0.5180486,2
8101,16.171937,43,1,0.5180486,3
8102,12.851691,166,1,0.5180486,4
8103,23.502401,84,1,0.5180486,0
8104,28.034562,12,1,0.5180486,1
8105,2.741213,48,1,0.5180486,2
8106,29.687637,14,1,0.5180486,3
8107,-11.633238,250,0,0.5180486,0
8108,13.185556,223,1,0.5180486,1
8109,29.049508,35,1,0.5180486,2
8110,25.291787,1,1,0.5180486,3
8111,21.919633,43,1,0.5180486,4
8112,27.384483,9,1,0.5180486,0
8113,28.944749,22,1,0.5180486,1
8114,27.810175,21,1,0.5180486,2
8115,27.809508,6,1,0.5180486,3
8116,-33.430824,250,0,0.5180486,0
8117,28.398768,20,1,0.5180486,1
8118,-15.898435,250,0,0.5180486,0
8119,26.700875,10,1,0.5180486,1
8120,8.662158,63,1,0.5180486,2
8121,29.577572,9,1,0.5180486,3
8122,-14.641763,250,0,0.5180486,0
8123,26.968992,20,1,0.5180486,1
8124,-58.641209,250,0,0.5180486,0
8125,26.534903,28,1,0.5180486,1
8126,28.100507,5,1,0.5180486,2
8127,28.466852,20,1,0.5180486,3
8128,28.577191,34,1,0.5180486,4
8129,28.818085,7,1,0.5180486,0
8130,28.958299,24,1,0.5180486,1
8131,28.123262,9,1,0.5180486,2
8132,28.165887,17,1,0.5180486,3
8133,-93.604812,250,0,0.5180486,0
8134,1.315775,38,1,0.5180486,1
8135,27.347761,39,1,0.5180486,2
8136,28.990456,10,1,0.5180486,3
8137,31.171359,17,1,0.5180486,4
8138,24.206879,41,1,0.5180486,0
8139,25.115816,42,1,0.5180486,1
8140,-16.881185,250,0,0.5180486,0
8141,27.0317,24,1,0.5180486,1
8142,26.440244,32,1,0.5180486,2
8143,28.422802,45,1,0.5180486,3
8144,6.30833,125,1,0.5180486,4
8145,27.6943,47,1,0.5180486,0
8146,29.736353,10,1,0.5180486,1
8147,25.574153,37,1,0.5180486,2
8148,29.943829,15,1,0.5180486,3
8149,26.709819,32,1,0.5180486,4
8150,27.371645,33,1,0.5180486,0
8151,29.897923,10,1,0.5180486,1
8152,27.535282,8,1,0.5180486,2
8153,26.612574,30,1,0.5180486,3
8154,-17.466763,250,0,0.5180486,0
8155,26.74781,8,1,0.5180486,1
8156,26.77603,33,1,0.5180486,2
8157,24.957451,38,1,0.5180486,3
8158,25.002402,24,1,0.5180486,4
8159,16.418054,47,1,0.5180486,0
8160,26.146032,26,1,0.5180486,1
8161,25.113759,19,1,0.5180486,2
8162,-14.114904,250,0,0.5180486,0
8163,29.839556,24,1,0.5180486,1
8164,29.626604,13,1,0.5180486,2
8165,27.133241,25,1,0.5180486,3
8166,26.666934,46,1,0.5180486,4
8167,28.607772,24,1,0.5180486,0
8168,-187.345298,250,0,0.5180486,0
8169,25.768654,23,1,0.5180486,1
8170,29.064443,16,1,0.5180486,2
8171,28.96486,24,1,0.5180486,3
8172,25.512485,10,1,0.5180486,4
8173,29.26249,27,1,0.5180486,0
8174,27.261045,36,1,0.5180486,1
8175,13.579097,48,1,0.5180486,2
8176,18.960882,28,1,0.5180486,3
8177,28.7817,23,1,0.5180486,4
8178,21.663503,51,1,0.5180486,0
8179,30.142277,16,1,0.5180486,1
8180,-50.846257,250,0,0.5180486,0
8181,28.645321,20,1,0.5180486,1
8182,-16.551485,250,0,0.5180486,0
8183,26.594915,4,1,0.5180486,1
8184,25.152492,91,1,0.5180486,2
8185,20.237059,29,1,0.5180486,3
8186,30.22624,18,1,0.5180486,4
8187,28.369031,40,1,0.5180486,0
8188,28.126318,23,1,0.5180486,1
8189,30.156296,17,1,0.5180486,2
8190,29.856201,19,1,0.5180486,3
8191,26.945836,8,1,0.5180486,4
8192,31.259761,18,1,0.5180486,0
8193,30.676864,17,1,0.5180486,1
8194,27.565301,14,1,0.5180486,2
8195,26.624298,31,1,0.5180486,3
8196,11.928097,111,1,0.5180486,4
8197,28.078542,8,1,0.5180486,0
8198,22.13061,34,1,0.5180486,1
8199,22.332299,45,1,0.5180486,2
8200,30.078756,17,1,0.5180486,3
8201,27.333468,30,1,0.5180486,4
8202,9.998691,63,1,0.5180486,0
8203,28.902366,28,1,0.5180486,1
8204,28.123697,33,1,0.5180486,2
8205,4.192746,65,1,0.5180486,3
8206,26.70723,82,1,0.5180486,4
8207,-196.931747,250,0,0.5180486,0
8208,-14.013806,250,0,0.5180486,0
8209,28.481201,27,1,0.5180486,1
8210,27.052942,71,1,0.5180486,2
8211,21.038436,57,1,0.5180486,3
8212,30.581166,20,1,0.5180486,4
8213,29.483194,19,1,0.5180486,0
8214,18.458797,37,1,0.5180486,1
8215,28.208681,6,1,0.5180486,2
8216,29.085552,11,1,0.5180486,3
8217,25.327131,21,1,0.5180486,4
8218,13.779094,38,1,0.5180486,0
8219,29.746147,19,1,0.5180486,1
8220,26.768982,34,1,0.5180486,2
8221,22.584021,31,1,0.5180486,3
8222,26.47027,19,1,0.5180486,4
8223,22.255432,47,1,0.5180486,0
8224,19.715884,76,1,0.5180486,1
8225,29.905374,18,1,0.5180486,2
8226,-10.42035,250,0,0.5180486,0
8227,-55.852275,250,0,0.5180486,0
8228,27.324599,25,1,0.5180486,1
8229,4.971389,50,1,0.5180486,2
8230,30.432472,12,1,0.5180486,3
8231,30.400646,12,1,0.5180486,4
8232,25.518599,25,1,0.5180486,0
8233,24.2756,34,1,0.5180486,1
8234,-14.278555,250,0,0.5180486,0
8235,17.545117,38,1,0.5180486,1
8236,25.563554,32,1,0.5180486,2
8237,25.563986,33,1,0.5180486,3
8238,26.919369,21,1,0.5180486,4
8239,27.767715,30,1,0.5180486,0
8240,28.009357,48,1,0.5180486,1
8241,26.581402,50,1,0.5180486,2
8242,18.46179,138,1,0.5180486,3
8243,-12.210386,250,0,0.5180486,0
8244,30.331153,15,1,0.5180486,1
8245,29.20402,23,1,0.5180486,2
8246,-14.781923,250,0,0.5180486,0
8247,30.158966,21,1,0.5180486,1
8248,13.201384,157,1,0.5180486,2
8249,20.894482,70,1,0.5180486,3
8250,29.430125,16,1,0.5180486,4
8251,26.506813,35,1,0.5180486,0
8252,21.256104,46,1,0.5180486,1
8253,-19.959897,250,0,0.5180486,0
8254,-216.630221,250,0,0.5180486,0
8255,27.336117,18,1,0.5180486,1
8256,-23.424333,250,0,0.5180486,0
8257,29.730823,19,1,0.5180486,1
8258,25.409987,38,1,0.5180486,2
8259,29.190217,9,1,0.5180486,3
8260,-131.595084,250,0,0.5180486,0
8261,29.853736,16,1,0.5180486,1
8262,27.715585,21,1,0.5180486,2
8263,30.685707,18,1,0.5180486,3
8264,14.999001,43,1,0.5180486,4
8265,25.037337,31,1,0.5180486,0
8266,-13.559051,250,0,0.5180486,0
8267,27.87773,30,1,0.5180486,1
8268,14.142097,51,1,0.5180486,2
8269,29.248144,17,1,0.5180486,3
8270,27.804532,23,1,0.5180486,4
8271,28.257791,10,1,0.5180486,0
8272,29.459651,26,1,0.5180486,1
8273,16.799437,24,1,0.5180486,2
8274,28.132405,14,1,0.5180486,3
8275,28.340863,26,1,0.5180486,4
8276,-22.2739,250,0,0.5180486,0
8277,-22.992655,108,1,0.5180486,1
8278,-13.074147,250,0,0.5180486,0
8279,13.231812,44,1,0.5180486,1
8280,25.792109,35,1,0.5180486,2
8281,-17.534977,250,0,0.5180486,0
8282,27.107891,7,1,0.5180486,1
8283,-18.136133,250,0,0.5180486,0
8284,-27.153233,250,0,0.5180486,0
8285,25.999102,26,1,0.5180486,1
8286,28.881391,19,1,0.5180486,2
8287,-357.547267,250,0,0.5180486,0
8288,29.769227,12,1,0.5180486,1
8289,28.617927,16,1,0.5180486,2
8290,-117.486841,250,0,0.5180486,0
8291,27.232259,23,1,0.5180486,1
8292,27.53182,23,1,0.5180486,2
8293,-12.549705,250,0,0.5180486,0
8294,31.034946,16,1,0.5180486,1
8295,-87.621595,250,0,0.5180486,0
8296,28.103744,27,1,0.5180486,1
8297,-28.593302,250,0,0.5180486,0
8298,26.272854,56,1,0.5180486,1
8299,26.307265,43,1,0.5180486,2
8300,16.590201,39,1,0.5180486,3
8301,27.547905,35,1,0.5180486,4
8302,26.291442,8,1,0.5180486,0
8303,27.477603,28,1,0.5180486,1
8304,-4.394476,88,1,0.5180486,2
8305,-16.521441,250,0,0.5180486,0
8306,27.689513,26,1,0.5180486,1
8307,-78.457869,250,0,0.5180486,0
8308,-188.222054,250,0,0.5180486,0
8309,23.508464,34,1,0.5180486,1
8310,24.015269,30,1,0.5180486,2
8311,23.321287,32,1,0.5180486,3
8312,25.140159,43,1,0.5180486,4
8313,28.418752,20,1,0.5180486,0
8314,-103.447004,250,0,0.5180486,0
8315,6.220356,61,1,0.5180486,1
8316,29.166357,23,1,0.5180486,2
8317,30.580897,16,1,0.5180486,3
8318,27.912613,18,1,0.5180486,4
8319,-108.232874,250,0,0.5180486,0
8320,24.908498,29,1,0.5180486,1
8321,27.885157,33,1,0.5180486,2
8322,17.779432,175,1,0.5180486,3
8323,24.483836,18,1,0.5180486,4
8324,-27.019953,250,0,0.5180486,0
8325,-22.207036,250,0,0.5180486,0
8326,29.701459,22,1,0.5180486,1
8327,-129.280387,250,0,0.5180486,0
8328,28.318586,26,1,0.5180486,1
8329,20.59163,34,1,0.5180486,2
8330,12.551586,43,1,0.5180486,3
8331,-64.045087,250,0,0.5180486,0
8332,25.988687,26,1,0.5180486,1
8333,-31.037764,250,0,0.5180486,0
8334,19.68041,73,1,0.5180486,1
8335,23.333291,21,1,0.5180486,2
8336,19.153245,136,1,0.5180486,3
8337,29.475085,11,1,0.5180486,4
8338,26.33499,5,1,0.5180486,0
8339,27.637823,26,1,0.5180486,1
8340,22.305663,26,1,0.5180486,2
8341,17.504194,193,1,0.5180486,3
8342,27.907332,45,1,0.5180486,4
8343,-50.549151,250,0,0.5180486,0
8344,30.917638,18,1,0.5180486,1
8345,30.457027,10,1,0.5180486,2
8346,27.974358,17,1,0.5180486,3
8347,30.241666,13,1,0.5180486,4
8348,26.749055,58,1,0.5180486,0
8349,26.14986,21,1,0.5180486,1
8350,28.503471,21,1,0.5180486,2
8351,27.41446,19,1,0.5180486,3
8352,24.824145,16,1,0.5180486,4
8353,30.70005,16,1,0.5180486,0
8354,27.742179,35,1,0.5180486,1
8355,29.908921,22,1,0.5180486,2
8356,-20.205105,250,0,0.5180486,0
8357,26.516642,29,1,0.5180486,1
8358,19.728527,42,1,0.5180486,2
8359,30.091153,36,1,0.5180486,3
8360,30.879714,16,1,0.5180486,4
8361,31.835497,13,1,0.5180486,0
8362,23.662185,40,1,0.5180486,1
8363,28.136406,29,1,0.5180486,2
8364,2.481696,210,1,0.5180486,3
8365,28.466562,11,1,0.5180486,4
8366,17.934878,46,1,0.5180486,0
8367,25.079318,42,1,0.5180486,1
8368,28.254996,35,1,0.5180486,2
8369,13.452297,30,1,0.5180486,3
8370,29.428888,31,1,0.5180486,4
8371,24.271132,40,1,0.5180486,0
8372,21.87372,44,1,0.5180486,1
8373,23.398173,45,1,0.5180486,2
8374,-6.829403,110,1,0.5180486,3
8375,26.499261,3,1,0.5180486,4
8376,27.910959,20,1,0.5180486,0
8377,24.769908,15,1,0.5180486,1
8378,19.144649,48,1,0.5180486,2
8379,13.984779,49,1,0.5180486,3
8380,27.621727,20,1,0.5180486,4
8381,27.758957,23,1,0.5180486,0
8382,29.260844,14,1,0.5180486,1
8383,25.919427,73,1,0.5180486,2
8384,27.555153,20,1,0.5180486,3
8385,28.486048,50,1,0.5180486,4
8386,23.844789,39,1,0.5180486,0
8387,29.14271,14,1,0.5180486,1
8388,27.637723,10,1,0.5180486,2
8389,17.037036,73,1,0.5180486,3
8390,26.995387,7,1,0.5180486,4
8391,-0.087791,54,1,0.5180486,0
8392,25.633049,35,1,0.5180486,1
8393,19.332465,33,1,0.5180486,2
8394,30.787328,19,1,0.5180486,3
8395,15.738656,55,1,0.5180486,4
8396,27.496604,27,1,0.5180486,0
8397,12.100664,49,1,0.5180486,1
8398,-14.899341,250,0,0.5180486,0
8399,26.635976,30,1,0.5180486,1
8400,22.733437,35,1,0.5180486,2
8401,-15.200447,250,0,0.5180486,0
8402,27.38958,22,1,0.5180486,1
8403,-12.648118,250,0,0.5180486,0
8404,25.64199,40,1,0.5180486,1
8405,30.19122,16,1,0.5180486,2
8406,17.601689,49,1,0.5180486,3
8407,17.669152,118,1,0.5180486,4
8408,27.439116,31,1,0.5180486,0
8409,26.433167,55,1,0.5180486,1
8410,23.88938,52,1,0.5180486,2
8411,5.230959,60,1,0.5180486,3
8412,21.856791,40,1,0.5180486,4
8413,30.16592,12,1,0.5180486,0
8414,8.192611,68,1,0.5180486,1
8415,8.680038,66,1,0.5180486,2
8416,27.029547,33,1,0.5180486,3
8417,27.55352,36,1,0.5180486,4
8418,30.06107,15,1,0.5180486,0
8419,21.756941,81,1,0.5180486,1
8420,23.168635,46,1,0.5180486,2
8421,28.827512,9,1,0.5180486,3
8422,-23.852585,250,0,0.5180486,0
8423,28.956004,20,1,0.5180486,1
8424,25.510855,47,1,0.5180486,2
8425,-259.15407,250,0,0.5180486,0
8426,26.262817,26,1,0.5180486,1
8427,8.86139,101,1,0.5180486,2
8428,30.315833,12,1,0.5180486,3
8429,25.776073,28,1,0.5180486,4
8430,27.732629,10,1,0.5180486,0
8431,24.41249,27,1,0.5180486,1
8432,-6.594954,44,1,0.5180486,2
8433,22.435495,28,1,0.5180486,3
8434,27.034558,30,1,0.5180486,4
8435,31.105419,13,1,0.5180486,0
8436,-16.445545,250,0,0.5180486,0
8437,20.047105,125,1,0.5180486,1
8438,15.414341,56,1,0.5180486,2
8439,26.685084,34,1,0.5180486,3
8440,28.600153,15,1,0.5180486,4
8441,-202.46967,250,0,0.5180486,0
8442,26.273965,44,1,0.5180486,1
8443,-264.403431,250,0,0.5180486,0
8444,28.014376,17,1,0.5180486,1
8445,-288.290184,250,0,0.5180486,0
8446,29.188182,45,1,0.5180486,1
8447,25.084199,28,1,0.5180486,2
8448,30.116698,16,1,0.5180486,3
8449,-8.074106,56,1,0.5180486,4
8450,20.823318,58,1,0.5180486,0
8451,25.329596,36,1,0.5180486,1
8452,6.142877,43,1,0.5180486,2
8453,21.863743,49,1,0.5180486,3
8454,25.794388,22,1,0.5180486,4
8455,28.476117,26,1,0.5180486,0
8456,19.49129,45,1,0.5180486,1
8457,23.372972,53,1,0.5180486,2
8458,-9.667136,67,1,0.5180486,3
8459,7.188686,58,1,0.5180486,4
8460,23.194289,37,1,0.5180486,0
8461,29.085226,17,1,0.5180486,1
8462,-10.78271,138,1,0.5180486,2
8463,29.93563,32,1,0.5180486,3
8464,24.659692,41,1,0.5180486,4
8465,-13.325433,250,0,0.5180486,0
8466,-240.486022,250,0,0.5180486,0
8467,27.21719,58,1,0.5180486,1
8468,27.200743,31,1,0.5180486,2
8469,28.875571,15,1,0.5180486,3
8470,-10.593185,103,1,0.5180486,4
8471,26.646506,4,1,0.5180486,0
8472,23.351544,31,1,0.5180486,1
8473,-158.291175,250,0,0.5180486,0
8474,26.947061,29,1,0.5180486,1
8475,20.075368,105,1,0.5180486,2
8476,-27.223621,250,0,0.5180486,0
8477,28.094801,21,1,0.5180486,1
8478,19.970777,42,1,0.5180486,2
8479,24.261873,19,1,0.5180486,3
8480,-15.207487,63,1,0.5180486,4
8481,25.355276,35,1,0.5180486,0
8482,20.263398,165,1,0.5180486,1
8483,31.061007,15,1,0.5180486,2
8484,24.902061,43,1,0.5180486,3
8485,26.246967,30,1,0.5180486,4
8486,22.786897,48,1,0.5180486,0
8487,28.651826,22,1,0.5180486,1
8488,26.022116,25,1,0.5180486,2
8489,25.660587,54,1,0.5180486,3
8490,-19.85268,145,1,0.5180486,4
8491,26.551417,41,1,0.5180486,0
8492,28.379463,16,1,0.5180486,1
8493,29.674818,13,1,0.5180486,2
8494,23.232836,55,1,0.5180486,3
8495,27.489915,25,1,0.5180486,4
8496,27.952068,17,1,0.5180486,0
8497,22.743522,58,1,0.5180486,1
8498,27.973741,26,1,0.5180486,2
8499,24.500891,30,1,0.5180486,3
8500,28.175359,60,1,0.5180486,4
8501,-12.051097,250,0,0.5180486,0
8502,27.558605,25,1,0.5180486,1
8503,28.431496,15,1,0.5180486,2
8504,21.760513,41,1,0.5180486,3
8505,23.88549,34,1,0.5180486,4
8506,28.430927,26,1,0.5180486,0
8507,21.678439,18,1,0.5180486,1
8508,-5.445871,41,1,0.5180486,2
8509,26.20962,32,1,0.5180486,3
8510,-12.56934,250,0,0.5180486,0
8511,27.349127,6,1,0.5180486,1
8512,25.166282,44,1,0.5180486,2
8513,-12.478887,250,0,0.5180486,0
8514,28.175196,30,1,0.5180486,1
8515,24.980949,27,1,0.5180486,2
8516,25.587332,29,1,0.5180486,3
8517,27.948969,9,1,0.5180486,4
8518,27.911493,13,1,0.5180486,0
8519,26.270648,46,1,0.5180486,1
8520,26.441737,28,1,0.5180486,2
8521,-12.283156,250,0,0.5180486,0
8522,26.969887,29,1,0.5180486,1
8523,24.79475,31,1,0.5180486,2
8524,-16.528813,250,0,0.5180486,0
8525,6.793409,82,1,0.5180486,1
8526,29.602048,34,1,0.5180486,2
8527,-32.351032,126,1,0.5180486,3
8528,17.964677,55,1,0.5180486,4
8529,28.541063,23,1,0.5180486,0
8530,27.131206,13,1,0.5180486,1
8531,24.770423,35,1,0.5180486,2
8532,-19.761228,250,0,0.5180486,0
8533,28.553336,22,1,0.5180486,1
8534,19.471627,24,1,0.5180486,2
8535,28.538374,9,1,0.5180486,3
8536,26.416014,25,1,0.5180486,4
8537,26.538732,15,1,0.5180486,0
8538,7.550678,46,1,0.5180486,1
8539,30.601274,13,1,0.5180486,2
8540,29.009706,8,1,0.5180486,3
8541,20.559091,40,1,0.5180486,4
8542,25.597456,2,1,0.5180486,0
8543,9.089524,52,1,0.5180486,1
8544,30.616751,12,1,0.5180486,2
8545,28.131117,10,1,0.5180486,3
8546,7.157714,58,1,0.5180486,4
8547,-20.27617,250,0,0.5180486,0
8548,30.085909,17,1,0.5180486,1
8549,24.209706,37,1,0.5180486,2
8550,28.826723,23,1,0.5180486,3
8551,28.799787,32,1,0.5180486,4
8552,13.579862,65,1,0.5180486,0
8553,24.766103,43,1,0.5180486,1
8554,29.004422,12,1,0.5180486,2
8555,6.27115,112,1,0.5180486,3
8556,30.002674,22,1,0.5180486,4
8557,19.782028,150,1,0.5180486,0
8558,19.451611,60,1,0.5180486,1
8559,-7.630758,117,1,0.5180486,2
8560,-30.249518,250,0,0.5180486,0
8561,24.962268,38,1,0.5180486,1
8562,-12.978407,250,0,0.5180486,0
8563,13.41226,37,1,0.5180486,1
8564,20.604386,22,1,0.5180486,2
8565,30.708899,17,1,0.5180486,3
8566,28.063569,7,1,0.5180486,4
8567,28.658767,28,1,0.5180486,0
8568,25.449795,1,1,0.5180486,1
8569,-12.840849,250,0,0.5180486,0
8570,29.549303,15,1,0.5180486,1
8571,29.820305,15,1,0.5180486,2
8572,29.339127,18,1,0.5180486,3
8573,28.938098,24,1,0.5180486,4
8574,30.216064,26,1,0.5180486,0
8575,27.257594,10,1,0.5180486,1
8576,26.683099,15,1,0.5180486,2
8577,29.728068,24,1,0.5180486,3
8578,28.434831,7,1,0.5180486,4
8579,-16.089605,250,0,0.5180486,0
8580,26.421946,25,1,0.5180486,1
8581,-14.771562,250,0,0.5180486,0
8582,-15.028113,250,0,0.5180486,0
8583,10.793229,52,1,0.5180486,1
8584,30.449412,18,1,0.5180486,2
8585,25.695074,33,1,0.5180486,3
8586,22.528934,44,1,0.5180486,4
8587,27.32035,35,1,0.5180486,0
8588,27.028485,22,1,0.5180486,1
8589,28.621077,20,1,0.5180486,2
8590,25.446516,58,1,0.5180486,3
8591,27.796066,37,1,0.5180486,4
8592,26.505947,29,1,0.5180486,0
8593,21.497001,50,1,0.5180486,1
8594,-18.1488,250,0,0.5180486,0
8595,27.687872,26,1,0.5180486,1
8596,26.275636,26,1,0.5180486,2
8597,26.357722,15,1,0.5180486,3
8598,25.133222,18,1,0.5180486,4
8599,18.045928,49,1,0.5180486,0
8600,-18.9849,250,0,0.5180486,0
8601,26.899317,24,1,0.5180486,1
8602,-10.836006,250,0,0.5180486,0
8603,6.533182,154,1,0.5180486,1
8604,28.515105,14,1,0.5180486,2
8605,24.78607,106,1,0.5180486,3
8606,24.441503,31,1,0.5180486,4
8607,27.687271,24,1,0.5180486,0
8608,28.555468,13,1,0.5180486,1
8609,19.06041,49,1,0.5180486,2
8610,27.90731,6,1,0.5180486,3
8611,-25.646116,250,0,0.5180486,0
8612,13.758754,52,1,0.5180486,1
8613,26.969279,46,1,0.5180486,2
8614,30.562098,19,1,0.5180486,3
8615,31.130928,14,1,0.5180486,4
8616,-16.043952,250,0,0.5180486,0
8617,28.958282,16,1,0.5180486,1
8618,25.371504,80,1,0.5180486,2
8619,30.371372,13,1,0.5180486,3
8620,22.289447,23,1,0.5180486,4
8621,14.083392,35,1,0.5180486,0
8622,23.745506,48,1,0.5180486,1
8623,30.477406,21,1,0.5180486,2
8624,19.103764,89,1,0.5180486,3
8625,25.620077,5,1,0.5180486,4
8626,28.950147,32,1,0.5180486,0
8627,23.943026,31,1,0.5180486,1
8628,23.630439,42,1,0.5180486,2
8629,30.762973,17,1,0.5180486,3
8630,21.636302,36,1,0.5180486,4
8631,-31.18548,250,0,0.5180486,0
8632,10.177818,45,1,0.5180486,1
8633,28.693667,5,1,0.5180486,2
8634,21.316022,135,1,0.5180486,3
8635,24.331768,18,1,0.5180486,4
8636,27.193094,39,1,0.5180486,0
8637,24.506461,41,1,0.5180486,1
8638,5.194938,47,1,0.5180486,2
8639,28.028353,41,1,0.5180486,3
8640,29.126665,28,1,0.5180486,4
8641,27.600853,24,1,0.5180486,0
8642,27.429601,19,1,0.5180486,1
8643,27.07364,26,1,0.5180486,2
8644,-60.612595,250,0,0.5180486,0
8645,28.748559,29,1,0.5180486,1
8646,26.413841,61,1,0.5180486,2
8647,26.2293,42,1,0.5180486,3
8648,-73.315671,250,0,0.5180486,0
8649,29.543231,26,1,0.5180486,1
8650,26.569216,57,1,0.5180486,2
8651,30.135166,15,1,0.5180486,3
8652,10.644929,76,1,0.5180486,4
8653,25.932187,53,1,0.5180486,0
8654,26.266529,61,1,0.5180486,1
8655,27.267393,6,1,0.5180486,2
8656,28.645336,17,1,0.5180486,3
8657,29.225596,27,1,0.5180486,4
8658,26.195696,14,1,0.5180486,0
8659,29.884988,15,1,0.5180486,1
8660,-287.949594,250,0,0.5180486,0
8661,-11.780324,250,0,0.5180486,0
8662,28.47953,19,1,0.5180486,1
8663,32.121872,12,1,0.5180486,2
8664,29.1262,9,1,0.5180486,3
8665,12.953848,50,1,0.5180486,4
8666,29.985931,16,1,0.5180486,0
8667,-16.427805,250,0,0.5180486,0
8668,14.488828,85,1,0.5180486,1
8669,-105.960825,250,0,0.5180486,0
8670,29.66404,20,1,0.5180486,1
8671,29.78413,16,1,0.5180486,2
8672,23.924883,33,1,0.5180486,3
8673,27.514115,24,1,0.5180486,4
8674,29.513376,23,1,0.5180486,0
8675,27.082844,15,1,0.5180486,1
8676,28.622373,22,1,0.5180486,2
8677,25.831866,51,1,0.5180486,3
8678,25.584879,14,1,0.5180486,4
8679,-244.765453,250,0,0.5180486,0
8680,30.007263,15,1,0.5180486,1
8681,20.649545,20,1,0.5180486,2
8682,-13.291661,250,0,0.5180486,0
8683,28.812097,11,1,0.5180486,1
8684,-175.959318,250,0,0.5180486,0
8685,30.26778,28,1,0.5180486,1
8686,15.631279,148,1,0.5180486,2
8687,11.097195,73,1,0.5180486,3
8688,17.072362,189,1,0.5180486,4
8689,16.448277,45,1,0.5180486,0
8690,22.812768,38,1,0.5180486,1
8691,29.922699,12,1,0.5180486,2
8692,14.809754,47,1,0.5180486,3
8693,-15.239478,250,0,0.5180486,0
8694,26.080877,33,1,0.5180486,1
8695,21.6486,140,1,0.5180486,2
8696,27.188798,34,1,0.5180486,3
8697,-14.582441,250,0,0.5180486,0
8698,22.841779,41,1,0.5180486,1
8699,29.248748,31,1,0.5180486,2
8700,27.814458,52,1,0.5180486,3
8701,19.414962,47,1,0.5180486,4
8702,28.387843,14,1,0.5180486,0
8703,29.178159,23,1,0.5180486,1
8704,25.415864,17,1,0.5180486,2
8705,30.029989,15,1,0.5180486,3
8706,28.693485,20,1,0.5180486,4
8707,-13.811684,250,0,0.5180486,0
8708,-37.655322,250,0,0.5180486,0
8709,-22.225954,250,0,0.5180486,0
8710,27.972572,18,1,0.5180486,1
8711,27.012539,11,1,0.5180486,2
8712,28.001111,14,1,0.5180486,3
8713,24.219119,25,1,0.5180486,4
8714,30.239971,9,1,0.5180486,0
8715,22.92286,45,1,0.5180486,1
8716,24.119767,36,1,0.5180486,2
8717,28.541433,10,1,0.5180486,3
8718,31.070432,17,1,0.5180486,4
8719,18.811547,66,1,0.5180486,0
8720,21.500099,20,1,0.5180486,1
8721,-22.412779,250,0,0.5180486,0
8722,29.570053,16,1,0.5180486,1
8723,28.05192,61,1,0.5180486,2
8724,29.766812,27,1,0.5180486,3
8725,24.130817,109,1,0.5180486,4
8726,31.612893,17,1,0.5180486,0
8727,26.891758,33,1,0.5180486,1
8728,26.036132,6,1,0.5180486,2
8729,28.513185,39,1,0.5180486,3
8730,27.967153,13,1,0.5180486,4
8731,28.753929,19,1,0.5180486,0
8732,14.103276,62,1,0.5180486,1
8733,29.181248,18,1,0.5180486,2
8734,30.071072,20,1,0.5180486,3
8735,28.260777,18,1,0.5180486,4
8736,20.993242,24,1,0.5180486,0
8737,27.422147,17,1,0.5180486,1
8738,24.905236,42,1,0.5180486,2
8739,26.241477,56,1,0.5180486,3
8740,28.651267,31,1,0.5180486,4
8741,28.543886,13,1,0.5180486,0
8742,22.035162,43,1,0.5180486,1
8743,29.659858,15,1,0.5180486,2
8744,27.635778,39,1,0.5180486,3
8745,16.057436,30,1,0.5180486,4
8746,29.232675,26,1,0.5180486,0
8747,-14.589773,250,0,0.5180486,0
8748,28.626801,21,1,0.5180486,1
8749,29.912443,35,1,0.5180486,2
8750,-13.296447,250,0,0.5180486,0
8751,-47.6201,250,0,0.5180486,0
8752,28.58143,9,1,0.5180486,1
8753,28.032068,25,1,0.5180486,2
8754,9.342139,58,1,0.5180486,3
8755,-20.274173,250,0,0.5180486,0
8756,-14.763867,250,0,0.5180486,0
8757,27.542779,14,1,0.5180486,1
8758,25.539892,27,1,0.5180486,2
8759,28.025959,20,1,0.5180486,3
8760,-18.711564,250,0,0.5180486,0
8761,28.385194,17,1,0.5180486,1
8762,26.109573,50,1,0.5180486,2
8763,25.812745,11,1,0.5180486,3
8764,-14.399234,250,0,0.5180486,0
8765,-96.907523,250,0,0.5180486,0
8766,21.534739,91,1,0.5180486,1
8767,27.896934,24,1,0.5180486,2
8768,25.097777,29,1,0.5180486,3
8769,30.163363,10,1,0.5180486,4
8770,15.582668,34,1,0.5180486,0
8771,16.465242,226,1,0.5180486,1
8772,30.108917,16,1,0.5180486,2
8773,27.472019,34,1,0.5180486,3
8774,25.776124,11,1,0.5180486,4
8775,25.203089,45,1,0.5180486,0
8776,-26.655917,152,1,0.5180486,1
8777,30.367798,15,1,0.5180486,2
8778,26.697837,14,1,0.5180486,3
8779,29.110488,11,1,0.5180486,4
8780,27.40849,20,1,0.5180486,0
8781,30.134538,18,1,0.5180486,1
8782,14.248529,55,1,0.5180486,2
8783,27.828932,22,1,0.5180486,3
8784,28.915062,27,1,0.5180486,4
8785,-26.503456,250,0,0.5180486,0
8786,-18.469705,250,0,0.5180486,0
8787,-12.984999,250,0,0.5180486,0
8788,19.844221,31,1,0.5180486,1
8789,30.090997,19,1,0.5180486,2
8790,-20.511019,250,0,0.5180486,0
8791,28.038251,23,1,0.5180486,1
8792,30.324227,17,1,0.5180486,2
8793,26.939055,36,1,0.5180486,3
8794,22.802776,24,1,0.5180486,4
8795,1.726952,117,1,0.5180486,0
8796,26.407398,16,1,0.5180486,1
8797,26.156928,40,1,0.5180486,2
8798,27.156301,52,1,0.5180486,3
8799,29.40809,23,1,0.5180486,4
8800,-41.181291,156,1,0.5180486,0
8801,26.403141,16,1,0.5180486,1
8802,29.471032,10,1,0.5180486,2
8803,8.007861,47,1,0.5180486,3
8804,29.062308,16,1,0.5180486,4
8805,25.900807,51,1,0.5180486,0
8806,-165.671247,250,0,0.5180486,0
8807,25.323356,33,1,0.5180486,1
8808,27.732891,24,1,0.5180486,2
8809,23.819433,35,1,0.5180486,3
8810,28.096682,24,1,0.5180486,4
8811,25.175901,62,1,0.5180486,0
8812,-24.216231,250,0,0.5180486,0
8813,24.670874,34,1,0.5180486,1
8814,29.627021,27,1,0.5180486,2
8815,29.158958,26,1,0.5180486,3
8816,29.193087,23,1,0.5180486,4
8817,27.27156,16,1,0.5180486,0
8818,28.217516,28,1,0.5180486,1
8819,-14.088902,250,0,0.5180486,0
8820,-2.494625,104,1,0.5180486,1
8821,27.499627,5,1,0.5180486,2
8822,30.212872,23,1,0.5180486,3
8823,28.194158,16,1,0.5180486,4
8824,21.338768,17,1,0.5180486,0
8825,12.586029,34,1,0.5180486,1
8826,24.458574,34,1,0.5180486,2
8827,21.636817,39,1,0.5180486,3
8828,21.780644,56,1,0.5180486,4
8829,24.411193,21,1,0.5180486,0
8830,26.393359,44,1,0.5180486,1
8831,0.042437,70,1,0.5180486,2
8832,30.140834,36,1,0.5180486,3
8833,26.68411,33,1,0.5180486,4
8834,9.170578,41,1,0.5180486,0
8835,29.19662,15,1,0.5180486,1
8836,26.39208,13,1,0.5180486,2
8837,27.529974,25,1,0.5180486,3
8838,25.990824,38,1,0.5180486,4
8839,27.76074,37,1,0.5180486,0
8840,26.544923,4,1,0.5180486,1
8841,22.342547,118,1,0.5180486,2
8842,19.667412,118,1,0.5180486,3
8843,18.005872,41,1,0.5180486,4
8844,27.288326,26,1,0.5180486,0
8845,28.700372,27,1,0.5180486,1
8846,26.174746,28,1,0.5180486,2
8847,-71.354449,250,0,0.5180486,0
8848,12.186552,24,1,0.5180486,1
8849,29.557785,10,1,0.5180486,2
8850,11.662842,62,1,0.5180486,3
8851,13.765616,44,1,0.5180486,4
8852,27.604494,37,1,0.5180486,0
8853,23.876382,28,1,0.5180486,1
8854,3.892266,110,1,0.5180486,2
8855,28.537146,17,1,0.5180486,3
8856,26.197683,63,1,0.5180486,4
8857,-13.373842,250,0,0.5180486,0
8858,25.523024,31,1,0.5180486,1
8859,26.214592,17,1,0.5180486,2
8860,27.074546,30,1,0.5180486,3
8861,26.739143,37,1,0.5180486,4
8862,-21.022082,250,0,0.5180486,0
8863,5.283666,56,1,0.5180486,1
8864,27.684204,44,1,0.5180486,2
8865,30.851685,19,1,0.5180486,3
8866,22.245178,50,1,0.5180486,4
8867,25.984304,30,1,0.5180486,0
8868,26.785396,32,1,0.5180486,1
8869,-19.319227,104,1,0.5180486,2
8870,30.341669,7,1,0.5180486,3
8871,28.309735,25,1,0.5180486,4
8872,18.156982,29,1,0.5180486,0
8873,29.715457,17,1,0.5180486,1
8874,-15.403057,250,0,0.5180486,0
8875,10.846438,220,1,0.5180486,1
8876,13.032074,37,1,0.5180486,2
8877,28.10751,4,1,0.5180486,3
8878,27.988892,10,1,0.5180486,4
8879,29.669844,26,1,0.5180486,0
8880,17.979084,30,1,0.5180486,1
8881,7.478617,60,1,0.5180486,2
8882,28.941593,23,1,0.5180486,3
8883,25.618218,58,1,0.5180486,4
8884,28.555432,32,1,0.5180486,0
8885,30.586669,23,1,0.5180486,1
8886,13.730542,70,1,0.5180486,2
8887,29.228594,23,1,0.5180486,3
8888,30.337984,16,1,0.5180486,4
8889,-16.252347,250,0,0.5180486,0
8890,-17.998657,250,0,0.5180486,0
8891,28.048686,13,1,0.5180486,1
8892,28.873631,25,1,0.5180486,2
8893,13.432366,49,1,0.5180486,3
8894,27.969201,13,1,0.5180486,4
8895,27.105279,23,1,0.5180486,0
8896,25.411425,34,1,0.5180486,1
8897,30.065738,11,1,0.5180486,2
8898,26.358853,38,1,0.5180486,3
8899,29.438083,12,1,0.5180486,4
8900,-17.701435,250,0,0.5180486,0
8901,-23.933261,250,0,0.5180486,0
8902,-16.971404,250,0,0.5180486,0
8903,-20.195839,250,0,0.5180486,0
8904,28.325325,7,1,0.5180486,1
8905,-23.159217,250,0,0.5180486,0
8906,28.625342,17,1,0.5180486,1
8907,26.919653,47,1,0.5180486,2
8908,-29.467282,69,1,0.5180486,3
8909,19.458132,36,1,0.5180486,4
8910,24.089944,22,1,0.5180486,0
8911,28.549605,6,1,0.5180486,1
8912,-51.300644,191,1,0.5180486,2
8913,-2.559162,55,1,0.5180486,3
8914,31.079547,13,1,0.5180486,4
8915,30.933514,18,1,0.5180486,0
8916,22.851647,32,1,0.5180486,1
8917,10.726536,249,1,0.5180486,2
8918,20.440541,12,1,0.5180486,3
8919,24.933127,54,1,0.5180486,4
8920,16.797656,177,1,0.5180486,0
8921,27.817694,24,1,0.5180486,1
8922,15.125547,161,1,0.5180486,2
8923,18.812427,46,1,0.5180486,3
8924,-14.688196,250,0,0.5180486,0
8925,27.893521,35,1,0.5180486,1
8926,28.89464,19,1,0.5180486,2
8927,27.500943,38,1,0.5180486,3
8928,25.470382,20,1,0.5180486,4
8929,30.206467,21,1,0.5180486,0
8930,20.956153,31,1,0.5180486,1
8931,-55.747029,250,0,0.5180486,0
8932,21.704139,108,1,0.5180486,1
8933,27.766616,32,1,0.5180486,2
8934,27.363416,11,1,0.5180486,3
8935,26.453158,2,1,0.5180486,4
8936,-16.125668,250,0,0.5180486,0
8937,-80.545801,216,1,0.5180486,1
8938,29.410544,31,1,0.5180486,2
8939,-27.300467,85,1,0.5180486,3
8940,27.772096,22,1,0.5180486,4
8941,27.814834,9,1,0.5180486,0
8942,27.825707,24,1,0.5180486,1
8943,29.15113,13,1,0.5180486,2
8944,28.734899,18,1,0.5180486,3
8945,16.582089,38,1,0.5180486,4
8946,17.35534,138,1,0.5180486,0
8947,27.073073,27,1,0.5180486,1
8948,-8.613126,250,0,0.5180486,0
8949,25.727841,26,1,0.5180486,1
8950,15.932963,49,1,0.5180486,2
8951,31.185714,14,1,0.5180486,3
8952,29.852051,26,1,0.5180486,4
8953,30.371896,26,1,0.5180486,0
8954,26.1365,28,1,0.5180486,1
8955,28.182433,25,1,0.5180486,2
8956,23.851561,34,1,0.5180486,3
8957,25.208583,40,1,0.5180486,4
8958,18.867804,23,1,0.5180486,0
8959,29.260656,29,1,0.5180486,1
8960,28.674887,14,1,0.5180486,2
8961,23.168656,137,1,0.5180486,3
8962,25.945524,18,1,0.5180486,4
8963,27.793513,24,1,0.5180486,0
8964,-15.443669,250,0,0.5180486,0
8965,25.418865,52,1,0.5180486,1
8966,21.801917,37,1,0.5180486,2
8967,-196.779189,250,0,0.5180486,0
8968,-12.982574,250,0,0.5180486,0
8969,-19.259187,250,0,0.5180486,0
8970,27.11907,18,1,0.5180486,1
8971,25.281461,43,1,0.5180486,2
8972,29.120944,14,1,0.5180486,3
8973,10.160079,56,1,0.5180486,4
8974,8.698106,178,1,0.5180486,0
8975,28.953974,18,1,0.5180486,1
8976,25.322319,75,1,0.5180486,2
8977,28.325317,13,1,0.5180486,3
8978,-15.436363,250,0,0.5180486,0
8979,-10.321128,250,0,0.5180486,0
8980,28.687703,25,1,0.5180486,1
8981,27.194408,15,1,0.5180486,2
8982,-2.351661,34,1,0.5180486,3
8983,-52.011386,250,0,0.5180486,0
8984,-79.09667,250,0,0.5180486,0
8985,16.292447,37,1,0.5180486,1
8986,25.275491,7,1,0.5180486,2
8987,-173.671326,250,0,0.5180486,0
8988,21.597048,40,1,0.5180486,1
8989,30.694554,16,1,0.5180486,2
8990,28.526966,27,1,0.5180486,3
8991,31.544989,14,1,0.5180486,4
8992,26.691919,29,1,0.5180486,0
8993,-12.217609,250,0,0.5180486,0
8994,19.190843,37,1,0.5180486,1
8995,29.293973,6,1,0.5180486,2
8996,20.81777,37,1,0.5180486,3
8997,24.71241,25,1,0.5180486,4
8998,-15.196884,250,0,0.5180486,0
8999,-122.544425,250,0,0.5180486,0
9000,28.688559,19,1,0.5180486,1
9001,-12.189275,250,0,0.5180486,0
9002,21.483235,57,1,0.5180486,1
9003,26.81333,21,1,0.5180486,2
9004,18.099472,21,1,0.5180486,3
9005,26.217767,19,1,0.5180486,4
9006,11.809446,28,1,0.5180486,0
9007,24.621494,54,1,0.5180486,1
9008,30.670122,19,1,0.5180486,2
9009,9.110329,45,1,0.5180486,3
9010,-4.013732,57,1,0.5180486,4
9011,30.485391,12,1,0.5180486,0
9012,10.753065,98,1,0.5180486,1
9013,29.741727,34,1,0.5180486,2
9014,27.109612,51,1,0.5180486,3
9015,14.503341,69,1,0.5180486,4
9016,-21.20869,250,0,0.5180486,0
9017,-14.443189,250,0,0.5180486,0
9018,27.874388,38,1,0.5180486,1
9019,29.616691,16,1,0.5180486,2
9020,1.30756,60,1,0.5180486,3
9021,26.172193,32,1,0.5180486,4
9022,26.5233,51,1,0.5180486,0
9023,-187.381254,250,0,0.5180486,0
9024,26.835993,22,1,0.5180486,1
9025,20.331192,161,1,0.5180486,2
9026,21.575647,46,1,0.5180486,3
9027,-48.034331,250,0,0.5180486,0
9028,13.771059,39,1,0.5180486,1
9029,24.28424,50,1,0.5180486,2
9030,24.310977,41,1,0.5180486,3
9031,27.158144,10,1,0.5180486,4
9032,26.611742,45,1,0.5180486,0
9033,27.065765,72,1,0.5180486,1
9034,22.581785,48,1,0.5180486,2
9035,-10.327726,250,0,0.5180486,0
9036,27.39546,65,1,0.5180486,1
9037,29.126488,20,1,0.5180486,2
9038,28.839335,20,1,0.5180486,3
9039,21.134008,29,1,0.5180486,4
9040,22.810884,29,1,0.5180486,0
9041,-59.703993,241,1,0.5180486,1
9042,26.636223,20,1,0.5180486,2
9043,28.969626,36,1,0.5180486,3
9044,9.67263,170,1,0.5180486,4
9045,12.227171,42,1,0.5180486,0
9046,-23.263813,250,0,0.5180486,0
9047,-71.052488,147,1,0.5180486,1
9048,30.484229,23,1,0.5180486,2
9049,-26.195071,250,0,0.5180486,0
9050,6.914809,110,1,0.5180486,1
9051,15.527912,209,1,0.5180486,2
9052,26.60161,29,1,0.5180486,3
9053,26.146801,3,1,0.5180486,4
9054,24.172278,57,1,0.5180486,0
9055,27.712454,23,1,0.5180486,1
9056,28.968674,37,1,0.5180486,2
9057,29.815502,16,1,0.5180486,3
9058,-18.491418,250,0,0.5180486,0
9059,27.222704,18,1,0.5180486,1
9060,-16.875497,250,0,0.5180486,0
9061,25.766696,22,1,0.5180486,1
9062,30.804881,21,1,0.5180486,2
9063,27.594725,30,1,0.5180486,3
9064,27.413086,24,1,0.5180486,4
9065,25.689986,26,1,0.5180486,0
9066,27.702405,7,1,0.5180486,1
9067,30.563412,20,1,0.5180486,2
9068,23.908302,44,1,0.5180486,3
9069,28.363479,32,1,0.5180486,4
9070,13.914986,41,1,0.5180486,0
9071,20.745718,200,1,0.5180486,1
9072,12.403815,43,1,0.5180486,2
9073,-52.719205,250,0,0.5180486,0
9074,28.614727,26,1,0.5180486,1
9075,30.238726,17,1,0.5180486,2
9076,28.319366,15,1,0.5180486,3
9077,25.872653,51,1,0.5180486,4
9078,12.782907,55,1,0.5180486,0
9079,26.180516,44,1,0.5180486,1
9080,-13.537189,250,0,0.5180486,0
9081,30.498046,13,1,0.5180486,1
9082,29.704694,18,1,0.5180486,2
9083,29.674107,8,1,0.5180486,3
9084,4.517963,60,1,0.5180486,4
9085,27.023653,38,1,0.5180486,0
9086,26.163786,52,1,0.5180486,1
9087,17.841426,95,1,0.5180486,2
9088,29.518189,18,1,0.5180486,3
9089,28.545638,15,1,0.5180486,4
9090,30.986881,14,1,0.5180486,0
9091,-19.730645,250,0,0.5180486,0
9092,28.465004,29,1,0.5180486,1
9093,29.131712,52,1,0.5180486,2
9094,29.738922,12,1,0.5180486,3
9095,-232.614777,250,0,0.5180486,0
9096,19.748111,53,1,0.5180486,1
9097,27.831375,46,1,0.5180486,2
9098,15.139842,211,1,0.5180486,3
9099,28.938998,29,1,0.5180486,4
9100,29.928135,15,1,0.5180486,0
9101,26.410418,3,1,0.5180486,1
9102,21.779587,26,1,0.5180486,2
9103,21.447891,36,1,0.5180486,3
9104,19.655434,44,1,0.5180486,4
9105,25.830922,22,1,0.5180486,0
9106,25.04064,14,1,0.5180486,1
9107,-14.396041,250,0,0.5180486,0
9108,30.133556,10,1,0.5180486,1
9109,19.860221,125,1,0.5180486,2
9110,30.873786,15,1,0.5180486,3
9111,30.938763,14,1,0.5180486,4
9112,30.828541,19,1,0.5180486,0
9113,24.830937,47,1,0.5180486,1
9114,26.041872,46,1,0.5180486,2
9115,26.917318,16,1,0.5180486,3
9116,26.842003,42,1,0.5180486,4
9117,28.059258,7,1,0.5180486,0
9118,28.967751,19,1,0.5180486,1
9119,9.794622,50,1,0.5180486,2
9120,27.716856,22,1,0.5180486,3
9121,29.866316,21,1,0.5180486,4
9122,17.610117,81,1,0.5180486,0
9123,30.817927,11,1,0.5180486,1
9124,-10.837505,250,0,0.5180486,0
9125,17.26913,123,1,0.5180486,1
9126,11.999684,166,1,0.5180486,2
9127,25.817958,76,1,0.5180486,3
9128,31.191193,25,1,0.5180486,4
9129,28.385236,19,1,0.5180486,0
9130,26.247612,22,1,0.5180486,1
9131,21.675393,24,1,0.5180486,2
9132,-19.206138,250,0,0.5180486,0
9133,28.357171,30,1,0.5180486,1
9134,29.81059,17,1,0.5180486,2
9135,26.491404,18,1,0.5180486,3
9136,22.983857,54,1,0.5180486,4
9137,-144.801852,250,0,0.5180486,0
9138,28.168783,24,1,0.5180486,1
9139,30.712469,20,1,0.5180486,2
9140,10.356572,79,1,0.5180486,3
9141,-11.881566,250,0,0.5180486,0
9142,-17.210885,250,0,0.5180486,0
9143,28.000148,25,1,0.5180486,1
9144,30.069989,10,1,0.5180486,2
9145,-10.530505,250,0,0.5180486,0
9146,29.925864,15,1,0.5180486,1
9147,-27.183501,250,0,0.5180486,0
9148,20.148776,37,1,0.5180486,1
9149,29.236927,6,1,0.5180486,2
9150,13.026741,41,1,0.5180486,3
9151,-27.466299,250,0,0.5180486,0
9152,26.670951,8,1,0.5180486,1
9153,29.431845,21,1,0.5180486,2
9154,24.525452,43,1,0.5180486,3
9155,14.879431,43,1,0.5180486,4
9156,-18.850697,250,0,0.5180486,0
9157,21.703824,31,1,0.5180486,1
9158,23.304253,55,1,0.5180486,2
9159,29.201433,21,1,0.5180486,3
9160,28.123117,8,1,0.5180486,4
9161,26.690102,16,1,0.5180486,0
9162,26.053688,8,1,0.5180486,1
9163,24.210515,44,1,0.5180486,2
9164,-16.533853,250,0,0.5180486,0
9165,30.057532,15,1,0.5180486,1
9166,27.520314,33,1,0.5180486,2
9167,-17.657865,250,0,0.5180486,0
9168,28.059966,40,1,0.5180486,1
9169,-18.65384,250,0,0.5180486,0
9170,25.204009,25,1,0.5180486,1
9171,24.585846,53,1,0.5180486,2
9172,27.890493,18,1,0.5180486,3
9173,26.462304,15,1,0.5180486,4
9174,-12.086416,250,0,0.5180486,0
9175,-23.444082,250,0,0.5180486,0
9176,22.860669,56,1,0.5180486,1
9177,28.994816,10,1,0.5180486,2
9178,22.547298,29,1,0.5180486,3
9179,30.422482,25,1,0.5180486,4
9180,24.066983,27,1,0.5180486,0
9181,-34.412314,250,0,0.5180486,0
9182,28.875953,12,1,0.5180486,1
9183,-17.461711,250,0,0.5180486,0
9184,29.376841,21,1,0.5180486,1
9185,24.065509,32,1,0.5180486,2
9186,29.299323,20,1,0.5180486,3
9187,29.919724,23,1,0.5180486,4
9188,25.487631,28,1,0.5180486,0
9189,21.24128,46,1,0.5180486,1
9190,29.666457,31,1,0.5180486,2
9191,30.269944,34,1,0.5180486,3
9192,29.803702,11,1,0.5180486,4
9193,-15.806535,250,0,0.5180486,0
9194,29.11463,31,1,0.5180486,1
9195,26.981036,16,1,0.5180486,2
9196,24.447927,55,1,0.5180486,3
9197,-184.340498,250,0,0.5180486,0
9198,28.914513,18,1,0.5180486,1
9199,27.663761,56,1,0.5180486,2
9200,21.733438,39,1,0.5180486,3
9201,3.408392,45,1,0.5180486,4
9202,17.842413,51,1,0.5180486,0
9203,26.360083,30,1,0.5180486,1
9204,25.97611,9,1,0.5180486,2
9205,-11.476024,250,0,0.5180486,0
9206,-21.618964,250,0,0.5180486,0
9207,31.094091,15,1,0.5180486,1
9208,27.989358,8,1,0.5180486,2
9209,13.954413,73,1,0.5180486,3
9210,27.437047,48,1,0.5180486,4
9211,25.884368,23,1,0.5180486,0
9212,23.813917,34,1,0.5180486,1
9213,27.091209,51,1,0.5180486,2
9214,30.049354,17,1,0.5180486,3
9215,-13.838257,250,0,0.5180486,0
9216,27.571104,21,1,0.5180486,1
9217,11.693637,228,1,0.5180486,2
9218,20.814372,113,1,0.5180486,3
9219,7.980587,60,1,0.5180486,4
9220,28.381707,15,1,0.5180486,0
9221,26.801516,34,1,0.5180486,1
9222,30.838241,17,1,0.5180486,2
9223,-15.283265,250,0,0.5180486,0
9224,-13.539747,250,0,0.5180486,0
9225,-24.460134,95,1,0.5180486,1
9226,-19.110417,250,0,0.5180486,0
9227,21.25997,79,1,0.5180486,1
9228,30.240315,15,1,0.5180486,2
9229,29.589169,19,1,0.5180486,3
9230,-21.527157,56,1,0.5180486,4
9231,27.887331,7,1,0.5180486,0
9232,23.612348,35,1,0.5180486,1
9233,-17.153756,250,0,0.5180486,0
9234,22.657003,64,1,0.5180486,1
9235,30.350607,13,1,0.5180486,2
9236,26.896414,6,1,0.5180486,3
9237,30.015391,18,1,0.5180486,4
9238,28.432669,42,1,0.5180486,0
9239,-87.387145,250,0,0.5180486,0
9240,24.241747,31,1,0.5180486,1
9241,17.589641,48,1,0.5180486,2
9242,30.525163,24,1,0.5180486,3
9243,-12.564273,250,0,0.5180486,0
9244,26.274218,43,1,0.5180486,1
9245,27.348127,31,1,0.5180486,2
9246,12.609005,86,1,0.5180486,3
9247,26.746724,59,1,0.5180486,4
9248,18.225325,35,1,0.5180486,0
9249,27.601193,27,1,0.5180486,1
9250,29.379528,18,1,0.5180486,2
9251,16.136297,24,1,0.5180486,3
9252,21.917537,127,1,0.5180486,4
9253,-15.74881,73,1,0.5180486,0
9254,-35.500021,250,0,0.5180486,0
9255,27.61685,21,1,0.5180486,1
9256,24.08797,43,1,0.5180486,2
9257,26.392281,40,1,0.5180486,3
9258,25.94697,8,1,0.5180486,4
9259,26.297164,8,1,0.5180486,0
9260,20.191849,59,1,0.5180486,1
9261,11.684755,53,1,0.5180486,2
9262,-12.343762,250,0,0.5180486,0
9263,26.339415,9,1,0.5180486,1
9264,27.652666,45,1,0.5180486,2
9265,-283.028499,250,0,0.5180486,0
9266,26.318544,33,1,0.5180486,1
9267,-5.030804,56,1,0.5180486,2
9268,25.769204,27,1,0.5180486,3
9269,-25.077983,250,0,0.5180486,0
9270,31.884296,22,1,0.5180486,1
9271,20.360813,28,1,0.5180486,2
9272,-29.041915,250,0,0.5180486,0
9273,24.784665,44,1,0.5180486,1
9274,28.086106,19,1,0.5180486,2
9275,31.090181,27,1,0.5180486,3
9276,3.231695,67,1,0.5180486,4
9277,-18.934703,250,0,0.5180486,0
9278,26.313151,48,1,0.5180486,1
9279,25.584866,28,1,0.5180486,2
9280,4.760636,56,1,0.5180486,3
9281,28.246582,18,1,0.5180486,4
9282,14.738171,67,1,0.5180486,0
9283,-31.604202,250,0,0.5180486,0
9284,-315.918973,250,0,0.5180486,0
9285,-21.246384,250,0,0.5180486,0
9286,31.704401,11,1,0.5180486,1
9287,28.696443,11,1,0.5180486,2
9288,24.791521,46,1,0.5180486,3
9289,-34.07254,250,0,0.5180486,0
9290,19.554359,21,1,0.5180486,1
9291,-4.830009,55,1,0.5180486,2
9292,24.586189,73,1,0.5180486,3
9293,25.98513,11,1,0.5180486,4
9294,28.365143,43,1,0.5180486,0
9295,28.145101,47,1,0.5180486,1
9296,-19.458731,250,0,0.5180486,0
9297,24.307043,23,1,0.5180486,1
9298,28.752236,24,1,0.5180486,2
9299,30.377049,16,1,0.5180486,3
9300,31.331074,12,1,0.5180486,4
9301,-17.804962,250,0,0.5180486,0
9302,22.496015,118,1,0.5180486,1
9303,29.362369,22,1,0.5180486,2
9304,24.404439,60,1,0.5180486,3
9305,-51.309355,250,0,0.5180486,0
9306,-0.088207,229,1,0.5180486,1
9307,27.722528,6,1,0.5180486,2
9308,-65.469971,250,0,0.5180486,0
9309,17.440617,43,1,0.5180486,1
9310,28.950058,6,1,0.5180486,2
9311,27.948757,28,1,0.5180486,3
9312,23.573764,61,1,0.5180486,4
9313,30.052595,14,1,0.5180486,0
9314,29.762274,18,1,0.5180486,1
9315,30.892078,11,1,0.5180486,2
9316,28.576317,39,1,0.5180486,3
9317,30.770458,11,1,0.5180486,4
9318,24.103885,41,1,0.5180486,0
9319,30.134065,13,1,0.5180486,1
9320,30.281195,18,1,0.5180486,2
9321,28.112721,17,1,0.5180486,3
9322,23.858068,69,1,0.5180486,4
9323,20.016655,53,1,0.5180486,0
9324,30.103314,13,1,0.5180486,1
9325,25.402246,36,1,0.5180486,2
9326,-102.223895,250,0,0.5180486,0
9327,27.87652,30,1,0.5180486,1
9328,29.111228,23,1,0.5180486,2
9329,30.657082,20,1,0.5180486,3
9330,30.231802,36,1,0.5180486,4
9331,20.785897,86,1,0.5180486,0
9332,25.493685,36,1,0.5180486,1
9333,13.072309,199,1,0.5180486,2
9334,22.337122,53,1,0.5180486,3
9335,-1.064955,75,1,0.5180486,4
9336,30.12038,9,1,0.5180486,0
9337,28.804686,9,1,0.5180486,1
9338,18.731361,49,1,0.5180486,2
9339,29.333256,27,1,0.5180486,3
9340,-15.295033,250,0,0.5180486,0
9341,16.407752,84,1,0.5180486,1
9342,26.989317,20,1,0.5180486,2
9343,28.537105,26,1,0.5180486,3
9344,-46.424739,250,0,0.5180486,0
9345,28.980844,9,1,0.5180486,1
9346,28.425102,47,1,0.5180486,2
9347,-20.404383,250,0,0.5180486,0
9348,-36.048874,250,0,0.5180486,0
9349,28.922952,15,1,0.5180486,1
9350,13.304522,36,1,0.5180486,2
9351,22.45809,94,1,0.5180486,3
9352,28.288908,6,1,0.5180486,4
9353,28.942303,10,1,0.5180486,0
9354,-262.162908,250,0,0.5180486,0
9355,29.804848,31,1,0.5180486,1
9356,27.32877,18,1,0.5180486,2
9357,-16.53911,250,0,0.5180486,0
9358,30.068204,27,1,0.5180486,1
9359,28.666721,8,1,0.5180486,2
9360,24.86112,14,1,0.5180486,3
9361,-20.652776,250,0,0.5180486,0
9362,25.437173,24,1,0.5180486,1
9363,29.828621,12,1,0.5180486,2
9364,25.509936,1,1,0.5180486,3
9365,29.56283,19,1,0.5180486,4
9366,30.707318,23,1,0.5180486,0
9367,27.640989,12,1,0.5180486,1
9368,28.491172,12,1,0.5180486,2
9369,-16.826221,250,0,0.5180486,0
9370,28.738321,28,1,0.5180486,1
9371,15.510028,34,1,0.5180486,2
9372,29.036191,24,1,0.5180486,3
9373,25.927825,3,1,0.5180486,4
9374,27.657626,20,1,0.5180486,0
9375,28.340307,29,1,0.5180486,1
9376,13.346297,103,1,0.5180486,2
9377,29.982525,15,1,0.5180486,3
9378,25.561253,27,1,0.5180486,4
9379,19.64116,36,1,0.5180486,0
9380,5.802038,47,1,0.5180486,1
9381,25.358937,25,1,0.5180486,2
9382,27.407747,23,1,0.5180486,3
9383,19.623344,24,1,0.5180486,4
9384,27.051514,11,1,0.5180486,0
9385,17.454848,76,1,0.5180486,1
9386,20.761832,157,1,0.5180486,2
9387,26.889439,17,1,0.5180486,3
9388,8.19559,42,1,0.5180486,4
9389,-49.446351,180,1,0.5180486,0
9390,24.396094,13,1,0.5180486,1
9391,27.623079,32,1,0.5180486,2
